0 0.141509433962 0.03668261563 0.169811320755 0.0287081339713
0 0.264150943396 0.0358851674641 0.0587002096436 0.0430622009569
0 0.35534591195 0.0414673046252 0.0943396226415 0.0223285486443
0 0.43501048218 0.0406698564593 0.0398322851153 0.0207336523126
0 0.536687631027 0.03668261563 0.125786163522 0.0350877192982
0 0.651991614256 0.0422647527911 0.0670859538784 0.030303030303
0 0.779874213836 0.0382775119617 0.163522012579 0.0287081339713
0 0.914046121593 0.0406698564593 0.0587002096436 0.0239234449761
0 0.0911949685535 0.07336523126 0.165618448637 0.0255183413078
0 0.22641509434 0.0789473684211 0.083857442348 0.0334928229665
0 0.317610062893 0.0757575757576 0.0649895178197 0.0271132376396
0 0.430817610063 0.0789473684211 0.148846960168 0.0239234449761
0 0.561844863732 0.0805422647528 0.062893081761 0.030303030303
0 0.650943396226 0.0765550239234 0.0733752620545 0.0318979266348
0 0.727463312369 0.0749601275917 0.0712788259958 0.0350877192982
0 0.798742138365 0.0749601275917 0.041928721174 0.0255183413078
0 0.894129979036 0.0805422647528 0.123689727463 0.0334928229665
0 0.0429769392034 0.115629984051 0.0775681341719 0.030303030303
0 0.162473794549 0.114832535885 0.148846960168 0.0287081339713
0 0.283018867925 0.115629984051 0.083857442348 0.0334928229665
0 0.357442348008 0.114035087719 0.0649895178197 0.0334928229665
0 0.469601677149 0.113237639553 0.117400419287 0.0350877192982
0 0.568134171908 0.114035087719 0.0587002096436 0.030303030303
0 0.696016771488 0.114035087719 0.180293501048 0.030303030303
0 0.835429769392 0.115629984051 0.0733752620545 0.0271132376396
0 0.914046121593 0.112440191388 0.0587002096436 0.0334928229665
0 0.0345911949686 0.149920255183 0.0607966457023 0.0287081339713
0 0.120545073375 0.151515151515 0.0817610062893 0.0287081339713
0 0.190775681342 0.151515151515 0.0461215932914 0.0382775119617
0 0.25786163522 0.150717703349 0.062893081761 0.0239234449761
0 0.345911949686 0.149122807018 0.083857442348 0.030303030303
0 0.487421383648 0.14673046252 0.174004192872 0.0414673046252
0 0.600628930818 0.153110047847 0.0356394129979 0.0287081339713
0 0.694968553459 0.153110047847 0.140461215933 0.0382775119617
0 0.856394129979 0.153907496013 0.16142557652 0.03668261563
0 0.0911949685535 0.188995215311 0.165618448637 0.030303030303
0 0.212788259958 0.189792663477 0.0649895178197 0.0223285486443
0 0.328092243187 0.185805422648 0.14465408805 0.030303030303
0 0.442348008386 0.18341307815 0.0670859538784 0.0318979266348
0 0.51677148847 0.187400318979 0.0524109014675 0.0271132376396
0 0.632075471698 0.187400318979 0.148846960168 0.030303030303
0 0.763102725367 0.185805422648 0.0670859538784 0.0334928229665
0 0.824947589099 0.185805422648 0.0356394129979 0.030303030303
0 0.892033542977 0.192185007974 0.0691823899371 0.0271132376396
0 0.100628930818 0.224880382775 0.180293501048 0.0318979266348
0 0.215932914046 0.225677830941 0.0335429769392 0.0271132376396
0 0.348008385744 0.225677830941 0.222222222222 0.0334928229665
0 0.497903563941 0.225677830941 0.0607966457023 0.03668261563
0 0.579664570231 0.231259968102 0.0649895178197 0.0287081339713
0 0.705450733753 0.224880382775 0.148846960168 0.0191387559809
0 0.80607966457 0.222488038278 0.0440251572327 0.030303030303
0 0.87106918239 0.224880382775 0.0607966457023 0.0287081339713
0 0.926624737945 0.216905901116 0.0335429769392 0.0255183413078
0 0.0932914046122 0.262360446571 0.165618448637 0.0271132376396
0 0.210691823899 0.260765550239 0.0398322851153 0.0239234449761
0 0.32180293501 0.260765550239 0.140461215933 0.03668261563
0 0.440251572327 0.259170653907 0.0796645702306 0.0334928229665
0 0.53249475891 0.261562998405 0.0922431865828 0.0287081339713
0 0.61320754717 0.259968102073 0.0524109014675 0.0350877192982
0 0.735849056604 0.261562998405 0.163522012579 0.0318979266348
0 0.859538784067 0.258373205742 0.0796645702306 0.0414673046252
0 0.932914046122 0.264752791069 0.0461215932914 0.0223285486443
0 0.0901467505241 0.295853269537 0.163522012579 0.030303030303
0 0.235849056604 0.295853269537 0.0901467505241 0.0334928229665
0 0.348008385744 0.297448165869 0.0712788259958 0.030303030303
0 0.427672955975 0.299043062201 0.062893081761 0.030303030303
0 0.528301886792 0.295055821372 0.104821802935 0.0318979266348
0 0.614255765199 0.295853269537 0.0461215932914 0.0239234449761
0 0.688679245283 0.298245614035 0.0607966457023 0.0287081339713
0 0.80607966457 0.297448165869 0.132075471698 0.030303030303
0 0.908805031447 0.299840510367 0.0524109014675 0.0255183413078
0 0.107966457023 0.335725677831 0.199161425577 0.0398724082935
0 0.243186582809 0.335725677831 0.0461215932914 0.0334928229665
0 0.303983228512 0.334928229665 0.0545073375262 0.0255183413078
0 0.405660377358 0.332535885167 0.0901467505241 0.03668261563
0 0.59748427673 0.337320574163 0.247379454927 0.0334928229665
0 0.767295597484 0.333333333333 0.041928721174 0.0255183413078
0 0.842767295597 0.333333333333 0.062893081761 0.0318979266348
0 0.914046121593 0.334928229665 0.0545073375262 0.0255183413078
0 0.0712788259958 0.371610845295 0.125786163522 0.0318979266348
0 0.168763102725 0.370015948963 0.0398322851153 0.0255183413078
0 0.269392033543 0.371610845295 0.106918238994 0.0287081339713
0 0.361635220126 0.369218500797 0.0524109014675 0.0271132376396
0 0.464360587002 0.372408293461 0.0985324947589 0.0271132376396
0 0.549266247379 0.373205741627 0.041928721174 0.0191387559809
0 0.635220125786 0.370015948963 0.0545073375262 0.0287081339713
0 0.775681341719 0.370813397129 0.197064989518 0.030303030303
0 0.91928721174 0.367623604466 0.0607966457023 0.0271132376396
0 0.102725366876 0.410685805423 0.1928721174 0.03668261563
0 0.22536687631 0.405103668262 0.0482180293501 0.0255183413078
0 0.325995807128 0.405901116427 0.16142557652 0.030303030303
0 0.0849056603774 0.451355661882 0.0691823899371 0.0287081339713
0 0.184486373166 0.452153110048 0.100628930818 0.0271132376396
0 0.297693920335 0.451355661882 0.0880503144654 0.0382775119617
0 0.398322851153 0.448165869219 0.0964360587002 0.0382775119617
0 0.560796645702 0.452950558214 0.199161425577 0.0287081339713
0 0.75786163522 0.454545454545 0.157232704403 0.0255183413078
0 0.895178197065 0.448963317384 0.0754716981132 0.03668261563
0 0.0943396226415 0.488038277512 0.180293501048 0.0350877192982
0 0.275681341719 0.488835725678 0.0901467505241 0.0271132376396
0 0.377358490566 0.494417862839 0.0503144654088 0.0223285486443
0 0.510482180294 0.49043062201 0.157232704403 0.0334928229665
0 0.656184486373 0.48644338118 0.0670859538784 0.0350877192982
0 0.818658280922 0.49043062201 0.207547169811 0.0398724082935
0 0.109014675052 0.526315789474 0.180293501048 0.0382775119617
0 0.253668763103 0.525518341308 0.0587002096436 0.0271132376396
0 0.352201257862 0.525518341308 0.0964360587002 0.030303030303
0 0.428721174004 0.52711323764 0.0440251572327 0.0239234449761
0 0.498951781971 0.523923444976 0.0754716981132 0.030303030303
0 0.591194968553 0.524720893142 0.0796645702306 0.0287081339713
0 0.702306079665 0.527910685805 0.0922431865828 0.0318979266348
0 0.860587002096 0.52711323764 0.157232704403 0.03668261563
0 0.0492662473795 0.562200956938 0.0775681341719 0.0334928229665
0 0.143605870021 0.56379585327 0.0817610062893 0.0239234449761
0 0.254716981132 0.566188197767 0.102725366876 0.0318979266348
0 0.350104821803 0.566985645933 0.062893081761 0.0239234449761
0 0.423480083857 0.566985645933 0.062893081761 0.0271132376396
0 0.501048218029 0.561403508772 0.0880503144654 0.0318979266348
0 0.575471698113 0.562200956938 0.0398322851153 0.0430622009569
0 0.62893081761 0.55980861244 0.0587002096436 0.0382775119617
0 0.713836477987 0.560606060606 0.0775681341719 0.030303030303
0 0.846960167715 0.566188197767 0.163522012579 0.0318979266348
0 0.0408805031447 0.599681020734 0.0566037735849 0.0350877192982
0 0.125786163522 0.598883572568 0.0922431865828 0.03668261563
0 0.207547169811 0.598086124402 0.062893081761 0.0350877192982
0 0.291404612159 0.595693779904 0.0796645702306 0.03668261563
0 0.38679245283 0.598086124402 0.0985324947589 0.0287081339713
0 0.473794549266 0.595693779904 0.0545073375262 0.0334928229665
0 0.536687631027 0.59649122807 0.0587002096436 0.0318979266348
0 0.62893081761 0.602073365231 0.0922431865828 0.0239234449761
0 0.719077568134 0.598086124402 0.0503144654088 0.0223285486443
0 0.841719077568 0.595693779904 0.174004192872 0.0398724082935
0 0.0545073375262 0.634768740032 0.0880503144654 0.0287081339713
0 0.20964360587 0.637958532695 0.201257861635 0.0350877192982
0 0.350104821803 0.635566188198 0.0754716981132 0.0398724082935
0 0.443396226415 0.63716108453 0.115303983229 0.0334928229665
0 0.648846960168 0.636363636364 0.278825995807 0.0255183413078
0 0.828092243187 0.6331738437 0.0545073375262 0.0287081339713
0 0.895178197065 0.636363636364 0.0670859538784 0.0223285486443
0 0.0335429769392 0.670653907496 0.062893081761 0.030303030303
0 0.0859538784067 0.671451355662 0.041928721174 0.0318979266348
0 0.138364779874 0.673843700159 0.0545073375262 0.03668261563
0 0.207547169811 0.673843700159 0.083857442348 0.030303030303
0 0.336477987421 0.671451355662 0.132075471698 0.0414673046252
0 0.450733752621 0.673843700159 0.0880503144654 0.03668261563
0 0.562893081761 0.673843700159 0.0985324947589 0.0334928229665
0 0.675052410901 0.674641148325 0.0880503144654 0.0414673046252
0 0.827044025157 0.673046251994 0.186582809224 0.0318979266348
0 0.0607966457023 0.70653907496 0.100628930818 0.0287081339713
0 0.159329140461 0.712121212121 0.041928721174 0.0271132376396
0 0.286163522013 0.714513556619 0.186582809224 0.0350877192982
0 0.464360587002 0.711323763955 0.136268343816 0.0255183413078
0 0.618448637317 0.713716108453 0.142557651992 0.0271132376396
0 0.736897274633 0.708931419458 0.0482180293501 0.0271132376396
0 0.859538784067 0.715311004785 0.146750524109 0.0334928229665
0 0.104821802935 0.746411483254 0.184486373166 0.0318979266348
0 0.250524109015 0.749601275917 0.0817610062893 0.0287081339713
0 0.337526205451 0.748803827751 0.0503144654088 0.0334928229665
0 0.396226415094 0.746411483254 0.0712788259958 0.0287081339713
0 0.46750524109 0.746411483254 0.0796645702306 0.0287081339713
0 0.585953878407 0.748803827751 0.14465408805 0.030303030303
0 0.0786163522013 0.792663476874 0.0356394129979 0.0255183413078
0 0.148846960168 0.79346092504 0.0922431865828 0.0271132376396
0 0.234800838574 0.791068580542 0.0670859538784 0.0223285486443
0 0.317610062893 0.79346092504 0.0901467505241 0.0271132376396
0 0.459119496855 0.795055821372 0.171907756813 0.030303030303
0 0.595387840671 0.79346092504 0.0712788259958 0.030303030303
0 0.686582809224 0.791068580542 0.102725366876 0.0350877192982
0 0.795597484277 0.795853269537 0.0733752620545 0.0191387559809
0 0.894129979036 0.79346092504 0.0901467505241 0.0271132376396
0 0.109014675052 0.829346092504 0.201257861635 0.0350877192982
0 0.297693920335 0.830940988836 0.117400419287 0.0287081339713
0 0.409853249476 0.828548644338 0.0524109014675 0.0271132376396
0 0.486373165618 0.829346092504 0.0670859538784 0.0287081339713
0 0.58071278826 0.826953748006 0.083857442348 0.0334928229665
0 0.706498951782 0.826953748006 0.129979035639 0.030303030303
0 0.836477987421 0.826953748006 0.0461215932914 0.0271132376396
0 0.907756813417 0.832535885167 0.0545073375262 0.0255183413078
0 0.118448637317 0.867623604466 0.186582809224 0.0318979266348
0 0.283018867925 0.868421052632 0.109014675052 0.0271132376396
0 0.427672955975 0.8668261563 0.121593291405 0.0239234449761
0 0.519916142558 0.866028708134 0.062893081761 0.0287081339713
0 0.619496855346 0.863636363636 0.115303983229 0.030303030303
0 0.699161425577 0.866028708134 0.0314465408805 0.0223285486443
0 0.769392033543 0.86283891547 0.11320754717 0.0287081339713
0 0.881551362683 0.866028708134 0.0943396226415 0.0318979266348
0 0.851153039832 0.901116427432 0.171907756813 0.0318979266348
0 0.711740041929 0.901116427432 0.0901467505241 0.0287081339713
0 0.624737945493 0.901116427432 0.0754716981132 0.0287081339713
0 0.546121593291 0.8995215311 0.0733752620545 0.0255183413078
0 0.48427672956 0.90350877193 0.062893081761 0.0334928229665
0 0.40251572327 0.90350877193 0.0880503144654 0.0334928229665
0 0.288259958071 0.90350877193 0.127882599581 0.0334928229665
0 0.17819706499 0.90350877193 0.0754716981132 0.0334928229665
0 0.0691823899371 0.905901116427 0.134171907757 0.0287081339713
0 0.0345911949686 0.939393939394 0.0440251572327 0.0287081339713
0 0.0953878406709 0.944976076555 0.0817610062893 0.0239234449761
