0 0.0496183206107 0.0627503337784 0.0198473282443 0.0267022696929
0 0.0729007633588 0.06608811749 0.0267175572519 0.0253671562083
0 0.10572519084 0.0654205607477 0.0358778625954 0.0267022696929
0 0.143511450382 0.0654205607477 0.036641221374 0.0240320427236
0 0.171374045802 0.0627503337784 0.0175572519084 0.0267022696929
0 0.208015267176 0.06608811749 0.0526717557252 0.0253671562083
0 0.251908396947 0.06608811749 0.0335877862595 0.022696929239
0 0.287404580153 0.0634178905207 0.0328244274809 0.0200267022697
0 0.327480916031 0.06608811749 0.0381679389313 0.0253671562083
0 0.369465648855 0.068090787717 0.0396946564885 0.0213618157543
0 0.406870229008 0.0627503337784 0.024427480916 0.0267022696929
0 0.437404580153 0.0627503337784 0.0290076335878 0.0213618157543
0 0.0431297709924 0.0941255006676 0.0251908396947 0.0173564753004
0 0.0702290076336 0.0941255006676 0.0229007633588 0.0173564753004
0 0.0965648854962 0.0947930574099 0.0297709923664 0.0240320427236
0 0.143893129771 0.0941255006676 0.0526717557252 0.0173564753004
0 0.183969465649 0.0941255006676 0.0213740458015 0.0173564753004
0 0.222900763359 0.0947930574099 0.0412213740458 0.0133511348465
0 0.253053435115 0.0941255006676 0.00992366412214 0.0173564753004
0 0.289694656489 0.0981308411215 0.0526717557252 0.0200267022697
0 0.338549618321 0.0941255006676 0.0358778625954 0.0173564753004
0 0.37786259542 0.0941255006676 0.024427480916 0.0173564753004
0 0.40572519084 0.0974632843792 0.0175572519084 0.018691588785
0 0.437404580153 0.0947930574099 0.0320610687023 0.0267022696929
0 0.0435114503817 0.125500667557 0.0290076335878 0.018691588785
0 0.0809160305344 0.127503337784 0.0381679389313 0.0173564753004
0 0.119083969466 0.12349799733 0.024427480916 0.0200267022697
0 0.150763358779 0.12349799733 0.0312977099237 0.0173564753004
0 0.183969465649 0.12349799733 0.024427480916 0.0200267022697
0 0.221374045802 0.125500667557 0.036641221374 0.018691588785
0 0.258396946565 0.125500667557 0.0282442748092 0.0213618157543
0 0.291221374046 0.12349799733 0.0267175572519 0.0253671562083
0 0.321374045802 0.129506008011 0.0213740458015 0.0213618157543
0 0.347328244275 0.129506008011 0.024427480916 0.0160213618158
0 0.367938931298 0.125500667557 0.012213740458 0.0240320427236
0 0.390076335878 0.125500667557 0.0213740458015 0.0160213618158
0 0.422900763359 0.125500667557 0.0320610687023 0.0160213618158
0 0.447328244275 0.127503337784 0.0137404580153 0.0146862483311
0 0.0583969465649 0.154873164219 0.0526717557252 0.0293724966622
0 0.102290076336 0.158210947931 0.0290076335878 0.022696929239
0 0.13358778626 0.156208277704 0.0274809160305 0.0240320427236
0 0.175190839695 0.156208277704 0.0404580152672 0.018691588785
0 0.222900763359 0.156875834446 0.0412213740458 0.0280373831776
0 0.256870229008 0.156208277704 0.0267175572519 0.0240320427236
0 0.282824427481 0.154205607477 0.0160305343511 0.0253671562083
0 0.314122137405 0.158210947931 0.0358778625954 0.022696929239
0 0.369465648855 0.158210947931 0.0641221374046 0.0200267022697
0 0.42786259542 0.156875834446 0.0496183206107 0.0253671562083
0 0.0404580152672 0.187583444593 0.018320610687 0.0173564753004
0 0.0671755725191 0.185580774366 0.0259541984733 0.0213618157543
0 0.0996183206107 0.18958611482 0.0267175572519 0.0160213618158
0 0.137404580153 0.187583444593 0.0412213740458 0.022696929239
0 0.189694656489 0.187583444593 0.0572519083969 0.0200267022697
0 0.237404580153 0.183578104139 0.0320610687023 0.022696929239
0 0.282442748092 0.185580774366 0.0534351145038 0.018691588785
0 0.322900763359 0.185580774366 0.018320610687 0.0240320427236
0 0.347328244275 0.187583444593 0.024427480916 0.0253671562083
0 0.382824427481 0.187583444593 0.0389312977099 0.022696929239
0 0.42786259542 0.187583444593 0.0465648854962 0.0200267022697
0 0.0526717557252 0.216288384513 0.0412213740458 0.0320427236315
0 0.103053435115 0.218958611482 0.0442748091603 0.0293724966622
0 0.14465648855 0.216288384513 0.0267175572519 0.0293724966622
0 0.180152671756 0.21829105474 0.0351145038168 0.022696929239
0 0.226717557252 0.220293724967 0.0488549618321 0.0240320427236
0 0.262977099237 0.218958611482 0.0145038167939 0.018691588785
0 0.290076335878 0.220293724967 0.0320610687023 0.0240320427236
0 0.321374045802 0.218958611482 0.0259541984733 0.0240320427236
0 0.356870229008 0.216288384513 0.0358778625954 0.0213618157543
0 0.392366412214 0.214285714286 0.024427480916 0.0200267022697
0 0.430152671756 0.21829105474 0.0419847328244 0.0253671562083
0 0.0522900763359 0.248998664887 0.0465648854962 0.022696929239
0 0.102290076336 0.249666221629 0.0381679389313 0.018691588785
0 0.165648854962 0.251668891856 0.0702290076336 0.0253671562083
0 0.21679389313 0.248998664887 0.0198473282443 0.0200267022697
0 0.243511450382 0.251668891856 0.0137404580153 0.0173564753004
0 0.264122137405 0.248998664887 0.012213740458 0.022696929239
0 0.303435114504 0.248998664887 0.0587786259542 0.0253671562083
0 0.365648854962 0.249666221629 0.0564885496183 0.0267022696929
0 0.425190839695 0.249666221629 0.0488549618321 0.0240320427236
0 0.0583969465649 0.280373831776 0.0557251908397 0.0213618157543
0 0.133969465649 0.282376502003 0.0770992366412 0.0253671562083
0 0.209160305344 0.278371161549 0.0442748091603 0.0253671562083
0 0.271755725191 0.278371161549 0.0442748091603 0.0173564753004
0 0.331297709924 0.278371161549 0.0396946564885 0.0280373831776
0 0.387404580153 0.278371161549 0.0328244274809 0.0200267022697
0 0.43358778626 0.278371161549 0.0351145038168 0.0253671562083
0 0.0702290076336 0.31308411215 0.0854961832061 0.0253671562083
0 0.141221374046 0.309078771696 0.0458015267176 0.0173564753004
0 0.18358778626 0.311748998665 0.0328244274809 0.0173564753004
0 0.209541984733 0.309746328438 0.0160305343511 0.0213618157543
0 0.242366412214 0.311081441923 0.0389312977099 0.0240320427236
0 0.275190839695 0.31308411215 0.0129770992366 0.022696929239
0 0.291221374046 0.309078771696 0.0175572519084 0.022696929239
0 0.30572519084 0.311748998665 0.00839694656489 0.0200267022697
0 0.346183206107 0.309078771696 0.0618320610687 0.0200267022697
0 0.409541984733 0.31308411215 0.0526717557252 0.022696929239
0 0.0610687022901 0.35046728972 0.0335877862595 0.022696929239
0 0.101908396947 0.348464619493 0.0389312977099 0.0213618157543
0 0.160687022901 0.352469959947 0.0541984732824 0.0160213618158
0 0.207251908397 0.352469959947 0.0175572519084 0.0160213618158
0 0.235114503817 0.346461949266 0.0229007633588 0.0173564753004
0 0.287786259542 0.351134846462 0.0610687022901 0.018691588785
0 0.361832061069 0.348464619493 0.0503816793893 0.0213618157543
0 0.409160305344 0.348464619493 0.0229007633588 0.0160213618158
0 0.440076335878 0.346461949266 0.0221374045802 0.0200267022697
0 0.0583969465649 0.377837116155 0.0526717557252 0.0240320427236
0 0.0935114503817 0.375166889186 0.0175572519084 0.0213618157543
0 0.115267175573 0.37917222964 0.024427480916 0.018691588785
0 0.141221374046 0.379839786382 0.030534351145 0.0200267022697
0 0.169083969466 0.379839786382 0.0190839694656 0.0200267022697
0 0.191221374046 0.377169559413 0.0206106870229 0.0200267022697
0 0.229007633588 0.379839786382 0.0442748091603 0.0146862483311
0 0.280152671756 0.381842456609 0.0519083969466 0.018691588785
0 0.31679389313 0.379839786382 0.0137404580153 0.022696929239
0 0.336259541985 0.379839786382 0.0206106870229 0.0200267022697
0 0.365267175573 0.37917222964 0.0267175572519 0.0213618157543
0 0.401908396947 0.381842456609 0.0419847328244 0.0240320427236
0 0.441221374046 0.37917222964 0.0259541984733 0.018691588785
0 0.0458015267176 0.406542056075 0.0259541984733 0.0200267022697
0 0.101145038168 0.410547396529 0.0770992366412 0.0200267022697
0 0.172900763359 0.412550066756 0.0511450381679 0.0213618157543
0 0.219083969466 0.406542056075 0.0290076335878 0.0173564753004
0 0.254580152672 0.408544726302 0.0236641221374 0.0213618157543
0 0.308396946565 0.410547396529 0.0656488549618 0.022696929239
0 0.353053435115 0.408544726302 0.0190839694656 0.0213618157543
0 0.377480916031 0.408544726302 0.0251908396947 0.0213618157543
0 0.410687022901 0.410547396529 0.0320610687023 0.022696929239
0 0.441221374046 0.408544726302 0.0198473282443 0.0240320427236
0 0.0553435114504 0.439919893191 0.0496183206107 0.022696929239
0 0.0965648854962 0.441255006676 0.0297709923664 0.022696929239
0 0.130152671756 0.443257676903 0.0236641221374 0.0267022696929
0 0.153435114504 0.441255006676 0.0213740458015 0.0253671562083
0 0.209541984733 0.443257676903 0.0770992366412 0.0240320427236
0 0.269083969466 0.443925233645 0.0251908396947 0.0173564753004
0 0.301908396947 0.443257676903 0.0251908396947 0.0240320427236
0 0.32786259542 0.441255006676 0.0175572519084 0.022696929239
0 0.349618320611 0.441255006676 0.0152671755725 0.0253671562083
0 0.371755725191 0.439252336449 0.0229007633588 0.0213618157543
0 0.403435114504 0.441922563418 0.0297709923664 0.018691588785
0 0.432824427481 0.439252336449 0.0137404580153 0.0133511348465
0 0.447328244275 0.44526034713 0.00916030534351 0.022696929239
0 0.0553435114504 0.468624833111 0.0465648854962 0.0240320427236
0 0.0988549618321 0.468624833111 0.0343511450382 0.018691588785
0 0.131679389313 0.472630173565 0.0282442748092 0.018691588785
0 0.170229007634 0.472630173565 0.0427480916031 0.0240320427236
0 0.208015267176 0.472630173565 0.0236641221374 0.018691588785
0 0.236259541985 0.470627503338 0.0312977099237 0.022696929239
0 0.26679389313 0.470627503338 0.0206106870229 0.022696929239
0 0.300763358779 0.472630173565 0.0351145038168 0.0240320427236
0 0.332442748092 0.468624833111 0.0236641221374 0.0213618157543
0 0.379007633588 0.470627503338 0.0511450381679 0.0173564753004
0 0.415648854962 0.470627503338 0.0206106870229 0.0200267022697
0 0.443893129771 0.472630173565 0.0206106870229 0.0240320427236
0 0.0606870229008 0.501335113485 0.063358778626 0.0253671562083
0 0.109541984733 0.504005340454 0.0282442748092 0.0173564753004
0 0.148473282443 0.502002670227 0.0404580152672 0.0213618157543
0 0.195801526718 0.501335113485 0.0496183206107 0.022696929239
0 0.229007633588 0.501335113485 0.0152671755725 0.0200267022697
0 0.250763358779 0.501335113485 0.0236641221374 0.0173564753004
0 0.280152671756 0.505340453939 0.030534351145 0.022696929239
0 0.314503816794 0.499332443258 0.0229007633588 0.0240320427236
0 0.34465648855 0.499332443258 0.0221374045802 0.018691588785
0 0.370610687023 0.499332443258 0.0358778625954 0.0213618157543
0 0.409160305344 0.503337783712 0.0412213740458 0.0267022696929
0 0.442366412214 0.499332443258 0.0206106870229 0.0213618157543
0 0.0515267175573 0.532710280374 0.0419847328244 0.018691588785
0 0.093893129771 0.532710280374 0.0351145038168 0.018691588785
0 0.132824427481 0.532710280374 0.0335877862595 0.0240320427236
0 0.180152671756 0.536715620828 0.0534351145038 0.0240320427236
0 0.237404580153 0.534712950601 0.0473282442748 0.0253671562083
0 0.282442748092 0.534712950601 0.0290076335878 0.022696929239
0 0.317938931298 0.532042723632 0.0190839694656 0.022696929239
0 0.356870229008 0.534712950601 0.0435114503817 0.0253671562083
0 0.412977099237 0.534712950601 0.0549618320611 0.022696929239
0 0.0458015267176 0.565420560748 0.0290076335878 0.0146862483311
0 0.0874045801527 0.563417890521 0.0557251908397 0.0240320427236
0 0.0614503816794 0.631508678238 0.0328244274809 0.0267022696929
0 0.11679389313 0.633511348465 0.0717557251908 0.022696929239
0 0.170610687023 0.633511348465 0.0251908396947 0.022696929239
0 0.206870229008 0.631508678238 0.0442748091603 0.0240320427236
0 0.252290076336 0.633511348465 0.0389312977099 0.0253671562083
0 0.287404580153 0.63217623498 0.0206106870229 0.0307076101469
0 0.35572519084 0.633511348465 0.103816793893 0.022696929239
0 0.431297709924 0.636181575434 0.036641221374 0.022696929239
0 0.0641221374046 0.662216288385 0.0641221374046 0.0240320427236
0 0.129007633588 0.662883845127 0.0488549618321 0.022696929239
0 0.181679389313 0.664886515354 0.030534351145 0.018691588785
0 0.225190839695 0.666889185581 0.0335877862595 0.022696929239
0 0.262977099237 0.666889185581 0.0267175572519 0.0253671562083
0 0.298473282443 0.668891855808 0.0290076335878 0.0213618157543
0 0.341221374046 0.666889185581 0.0442748091603 0.0253671562083
0 0.385114503817 0.662883845127 0.0267175572519 0.022696929239
0 0.413358778626 0.662883845127 0.0190839694656 0.0200267022697
0 0.443511450382 0.664886515354 0.0290076335878 0.0267022696929
0 0.0671755725191 0.695594125501 0.0763358778626 0.0267022696929
0 0.133969465649 0.695594125501 0.0496183206107 0.0267022696929
0 0.181297709924 0.693591455274 0.0358778625954 0.022696929239
0 0.225572519084 0.68958611482 0.0389312977099 0.0253671562083
0 0.264503816794 0.693591455274 0.0282442748092 0.022696929239
0 0.322900763359 0.69826435247 0.0824427480916 0.0213618157543
0 0.415648854962 0.696261682243 0.075572519084 0.022696929239
0 0.0465648854962 0.722296395194 0.0320610687023 0.0240320427236
0 0.109541984733 0.72696929239 0.0862595419847 0.0173564753004
0 0.175190839695 0.724299065421 0.0251908396947 0.0200267022697
0 0.207251908397 0.726301735648 0.0328244274809 0.0240320427236
0 0.25572519084 0.726301735648 0.0442748091603 0.0240320427236
0 0.301908396947 0.724966622163 0.0328244274809 0.0213618157543
0 0.327480916031 0.724966622163 0.0152671755725 0.0213618157543
0 0.361832061069 0.726301735648 0.0503816793893 0.0240320427236
0 0.406870229008 0.724299065421 0.030534351145 0.0200267022697
0 0.440076335878 0.724966622163 0.0236641221374 0.0240320427236
0 0.043893129771 0.751668891856 0.0206106870229 0.0160213618158
0 0.0664122137405 0.757676902537 0.0137404580153 0.0200267022697
0 0.117938931298 0.75567423231 0.0862595419847 0.018691588785
0 0.191221374046 0.757676902537 0.0587786259542 0.0200267022697
0 0.253053435115 0.757676902537 0.0603053435115 0.0173564753004
0 0.0553435114504 0.792389853138 0.0145038167939 0.0173564753004
0 0.0759541984733 0.790387182911 0.0236641221374 0.0213618157543
0 0.109160305344 0.79305740988 0.0396946564885 0.0213618157543
0 0.063358778626 0.831775700935 0.036641221374 0.0293724966622
0 0.110687022901 0.833778371162 0.0458015267176 0.022696929239
0 0.158015267176 0.832443257677 0.0335877862595 0.022696929239
0 0.197328244275 0.833778371162 0.0404580152672 0.0280373831776
0 0.236259541985 0.831775700935 0.0236641221374 0.0213618157543
0 0.26679389313 0.832443257677 0.0267175572519 0.0253671562083
0 0.300763358779 0.831775700935 0.0351145038168 0.0213618157543
0 0.335114503817 0.831775700935 0.024427480916 0.0213618157543
0 0.371755725191 0.832443257677 0.0396946564885 0.022696929239
0 0.415267175573 0.834445927904 0.030534351145 0.0240320427236
0 0.443511450382 0.833778371162 0.0167938931298 0.0200267022697
0 0.0671755725191 0.861148197597 0.0732824427481 0.0240320427236
0 0.136259541985 0.863150867824 0.0541984732824 0.0173564753004
0 0.181679389313 0.863150867824 0.030534351145 0.0173564753004
0 0.231297709924 0.865153538051 0.0610687022901 0.0240320427236
0 0.276335877863 0.863150867824 0.024427480916 0.0173564753004
0 0.296183206107 0.865153538051 0.00916030534351 0.018691588785
0 0.322900763359 0.861148197597 0.0396946564885 0.018691588785
0 0.349618320611 0.865153538051 0.0137404580153 0.0213618157543
0 0.372900763359 0.863150867824 0.0267175572519 0.0173564753004
0 0.403053435115 0.861148197597 0.0320610687023 0.0213618157543
0 0.440076335878 0.863150867824 0.0282442748092 0.0200267022697
0 0.0610687022901 0.891855807744 0.0564885496183 0.0213618157543
0 0.108015267176 0.893858477971 0.0282442748092 0.022696929239
0 0.130152671756 0.893858477971 0.0145038167939 0.0200267022697
0 0.167938931298 0.893858477971 0.0595419847328 0.0200267022697
0 0.215267175573 0.891855807744 0.0274809160305 0.0240320427236
0 0.271374045802 0.894526034713 0.063358778626 0.0213618157543
0 0.332442748092 0.892523364486 0.0389312977099 0.0173564753004
0 0.383969465649 0.893858477971 0.0473282442748 0.0173564753004
0 0.435114503817 0.893858477971 0.036641221374 0.0200267022697
0 0.0526717557252 0.92523364486 0.0412213740458 0.0213618157543
0 0.0851145038168 0.923230974633 0.0145038167939 0.0200267022697
0 0.119083969466 0.923230974633 0.0488549618321 0.022696929239
0 0.160687022901 0.92523364486 0.0282442748092 0.0213618157543
0 0.196183206107 0.923230974633 0.0351145038168 0.022696929239
0 0.231297709924 0.923230974633 0.0229007633588 0.022696929239
0 0.276335877863 0.922563417891 0.0564885496183 0.0240320427236
0 0.312977099237 0.92523364486 0.0137404580153 0.0240320427236
0 0.364122137405 0.927236315087 0.0763358778626 0.022696929239
0 0.431679389313 0.923230974633 0.0465648854962 0.0200267022697
0 0.550763358779 0.0627503337784 0.0541984732824 0.0267022696929
0 0.590076335878 0.0654205607477 0.018320610687 0.0240320427236
0 0.629007633588 0.0627503337784 0.0503816793893 0.0267022696929
0 0.675572519084 0.0654205607477 0.0259541984733 0.0213618157543
0 0.729007633588 0.0654205607477 0.0763358778626 0.0293724966622
0 0.797328244275 0.0654205607477 0.0496183206107 0.0240320427236
0 0.843893129771 0.06608811749 0.0267175572519 0.0173564753004
0 0.876335877863 0.06608811749 0.030534351145 0.0200267022697
0 0.921755725191 0.0654205607477 0.0496183206107 0.0213618157543
0 0.554580152672 0.0947930574099 0.0526717557252 0.0240320427236
0 0.59465648855 0.0947930574099 0.0137404580153 0.0213618157543
0 0.621755725191 0.0941255006676 0.0297709923664 0.0253671562083
0 0.685114503817 0.0974632843792 0.0832061068702 0.0267022696929
0 0.745801526718 0.0941255006676 0.0274809160305 0.022696929239
0 0.765648854962 0.0974632843792 0.00763358778626 0.0240320427236
0 0.788549618321 0.0941255006676 0.0320610687023 0.0173564753004
0 0.815267175573 0.0947930574099 0.012213740458 0.0240320427236
0 0.849618320611 0.0947930574099 0.0473282442748 0.0240320427236
0 0.882824427481 0.0947930574099 0.0129770992366 0.0240320427236
0 0.899618320611 0.0981308411215 0.00839694656489 0.0173564753004
0 0.929007633588 0.0941255006676 0.0442748091603 0.0280373831776
0 0.540076335878 0.121495327103 0.0282442748092 0.0320427236315
0 0.571374045802 0.12349799733 0.0251908396947 0.022696929239
0 0.609541984733 0.127503337784 0.0435114503817 0.0253671562083
0 0.663358778626 0.127503337784 0.0549618320611 0.0253671562083
0 0.710687022901 0.125500667557 0.0335877862595 0.0213618157543
0 0.767938931298 0.127503337784 0.0717557251908 0.0200267022697
0 0.819083969466 0.127503337784 0.018320610687 0.022696929239
0 0.853053435115 0.127503337784 0.0480916030534 0.0200267022697
0 0.909160305344 0.129506008011 0.0488549618321 0.0160213618158
0 0.940076335878 0.127503337784 0.0114503816794 0.0200267022697
0 0.537404580153 0.156875834446 0.0229007633588 0.0307076101469
0 0.575190839695 0.156208277704 0.0435114503817 0.0293724966622
0 0.608015267176 0.158210947931 0.0190839694656 0.022696929239
0 0.637404580153 0.158878504673 0.0396946564885 0.0240320427236
0 0.688549618321 0.156208277704 0.0473282442748 0.0213618157543
0 0.732442748092 0.156208277704 0.0236641221374 0.0213618157543
0 0.783969465649 0.156208277704 0.0763358778626 0.0293724966622
0 0.839694656489 0.158210947931 0.0335877862595 0.0253671562083
0 0.872900763359 0.156208277704 0.0236641221374 0.0320427236315
0 0.914122137405 0.156208277704 0.0526717557252 0.0267022696929
0 0.541221374046 0.183578104139 0.0320610687023 0.0307076101469
0 0.590076335878 0.187583444593 0.0595419847328 0.0280373831776
0 0.638549618321 0.183578104139 0.0221374045802 0.0307076101469
0 0.66679389313 0.185580774366 0.0282442748092 0.0347129506008
0 0.70572519084 0.187583444593 0.0358778625954 0.0333778371162
0 0.756870229008 0.187583444593 0.0465648854962 0.022696929239
0 0.802290076336 0.187583444593 0.030534351145 0.0307076101469
0 0.838549618321 0.183578104139 0.0297709923664 0.0280373831776
0 0.890076335878 0.187583444593 0.0610687022901 0.0253671562083
0 0.935114503817 0.185580774366 0.024427480916 0.0240320427236
0 0.553053435115 0.218958611482 0.0572519083969 0.0240320427236
0 0.553053435115 0.25567423231 0.0282442748092 0.0280373831776
0 0.585114503817 0.25567423231 0.0312977099237 0.0253671562083
0 0.614122137405 0.253671562083 0.0145038167939 0.0213618157543
0 0.64465648855 0.257676902537 0.0435114503817 0.0240320427236
0 0.683969465649 0.25567423231 0.0259541984733 0.0200267022697
0 0.72786259542 0.259679572764 0.0526717557252 0.0200267022697
0 0.777480916031 0.257676902537 0.0374045801527 0.018691588785
0 0.822900763359 0.257676902537 0.0473282442748 0.0133511348465
0 0.859541984733 0.257676902537 0.0198473282443 0.018691588785
0 0.909541984733 0.25567423231 0.0725190839695 0.022696929239
0 0.547328244275 0.287049399199 0.0427480916031 0.0213618157543
0 0.58893129771 0.287049399199 0.0236641221374 0.018691588785
0 0.60572519084 0.286381842457 0.00687022900763 0.0173564753004
0 0.632442748092 0.289052069426 0.0328244274809 0.0146862483311
0 0.674045801527 0.287049399199 0.036641221374 0.0213618157543
0 0.701908396947 0.288384512684 0.0145038167939 0.0160213618158
0 0.731297709924 0.288384512684 0.0381679389313 0.018691588785
0 0.764503816794 0.28437917223 0.0114503816794 0.0213618157543
0 0.785114503817 0.288384512684 0.0236641221374 0.0213618157543
0 0.808015267176 0.287049399199 0.0129770992366 0.018691588785
0 0.840076335878 0.287049399199 0.0374045801527 0.0213618157543
0 0.876335877863 0.287049399199 0.0259541984733 0.018691588785
0 0.909541984733 0.28437917223 0.0328244274809 0.0213618157543
0 0.937786259542 0.286381842457 0.0145038167939 0.0146862483311
0 0.569083969466 0.315754339119 0.081679389313 0.0200267022697
0 0.633969465649 0.315754339119 0.0343511450382 0.0200267022697
0 0.671374045802 0.319759679573 0.0251908396947 0.0146862483311
0 0.701908396947 0.317757009346 0.0175572519084 0.018691588785
0 0.724045801527 0.315754339119 0.0236641221374 0.0173564753004
0 0.759541984733 0.319759679573 0.0320610687023 0.0173564753004
0 0.790076335878 0.315754339119 0.0152671755725 0.0173564753004
0 0.809541984733 0.315754339119 0.0175572519084 0.0200267022697
0 0.843511450382 0.317757009346 0.0320610687023 0.018691588785
0 0.872900763359 0.317757009346 0.0175572519084 0.0160213618158
0 0.91679389313 0.315754339119 0.0580152671756 0.022696929239
0 0.54465648855 0.35046728972 0.0358778625954 0.0200267022697
0 0.579007633588 0.346461949266 0.0297709923664 0.0200267022697
0 0.602290076336 0.348464619493 0.0167938931298 0.018691588785
0 0.647328244275 0.348464619493 0.0671755725191 0.0213618157543
0 0.712977099237 0.35046728972 0.0488549618321 0.022696929239
0 0.749618320611 0.348464619493 0.0152671755725 0.0240320427236
0 0.771374045802 0.346461949266 0.0206106870229 0.022696929239
0 0.801145038168 0.348464619493 0.0343511450382 0.018691588785
0 0.856870229008 0.35046728972 0.0648854961832 0.0173564753004
0 0.908396946565 0.348464619493 0.0274809160305 0.0240320427236
0 0.546183206107 0.383845126836 0.0160305343511 0.0253671562083
0 0.561832061069 0.389853137517 0.012213740458 0.0213618157543
0 0.59465648855 0.38785046729 0.0503816793893 0.022696929239
0 0.637404580153 0.385847797063 0.030534351145 0.0213618157543
0 0.693511450382 0.38785046729 0.0709923664122 0.0200267022697
0 0.741221374046 0.385847797063 0.0213740458015 0.018691588785
0 0.785114503817 0.389853137517 0.0541984732824 0.0160213618158
0 0.822900763359 0.385847797063 0.0106870229008 0.0240320427236
0 0.850763358779 0.385847797063 0.0358778625954 0.0213618157543
0 0.888549618321 0.385847797063 0.0320610687023 0.0213618157543
0 0.915267175573 0.38785046729 0.0152671755725 0.0173564753004
0 0.936259541985 0.383845126836 0.0190839694656 0.022696929239
0 0.53358778626 0.417222963952 0.0152671755725 0.0200267022697
0 0.565648854962 0.420560747664 0.0381679389313 0.0213618157543
0 0.610687022901 0.419225634179 0.0427480916031 0.0213618157543
0 0.651908396947 0.417222963952 0.0335877862595 0.0253671562083
0 0.68358778626 0.417222963952 0.0190839694656 0.022696929239
0 0.729007633588 0.420560747664 0.0595419847328 0.0240320427236
0 0.76679389313 0.419225634179 0.00992366412214 0.0267022696929
0 0.789694656489 0.418558077437 0.0190839694656 0.022696929239
0 0.815267175573 0.418558077437 0.0198473282443 0.022696929239
0 0.84465648855 0.41655540721 0.0297709923664 0.0293724966622
0 0.870229007634 0.419225634179 0.0137404580153 0.0267022696929
0 0.915267175573 0.421228304406 0.0702290076336 0.0280373831776
0 0.541221374046 0.451935914553 0.036641221374 0.0253671562083
0 0.576717557252 0.447930574099 0.0221374045802 0.0253671562083
0 0.610687022901 0.449933244326 0.0412213740458 0.018691588785
0 0.646183206107 0.445927903872 0.0175572519084 0.018691588785
0 0.667938931298 0.447930574099 0.0213740458015 0.0200267022697
0 0.712977099237 0.449933244326 0.0595419847328 0.0160213618158
0 0.756870229008 0.447930574099 0.0221374045802 0.0200267022697
0 0.791221374046 0.451935914553 0.0450381679389 0.0146862483311
0 0.832442748092 0.447930574099 0.0282442748092 0.0173564753004
0 0.86679389313 0.447930574099 0.0297709923664 0.0280373831776
0 0.908015267176 0.447930574099 0.0465648854962 0.0200267022697
0 0.942366412214 0.449933244326 0.0160305343511 0.018691588785
0 0.545801526718 0.476635514019 0.0320610687023 0.0240320427236
0 0.595801526718 0.4826435247 0.0603053435115 0.0200267022697
0 0.651145038168 0.478638184246 0.0381679389313 0.0200267022697
0 0.67786259542 0.478638184246 0.0137404580153 0.0200267022697
0 0.699618320611 0.478638184246 0.0175572519084 0.0200267022697
0 0.726335877863 0.476635514019 0.0297709923664 0.0240320427236
0 0.751145038168 0.481308411215 0.0137404580153 0.0253671562083
0 0.769083969466 0.478638184246 0.0145038167939 0.0280373831776
0 0.783969465649 0.480640854473 0.0137404580153 0.0213618157543
0 0.81679389313 0.480640854473 0.0320610687023 0.0240320427236
0 0.849618320611 0.4826435247 0.0320610687023 0.0200267022697
0 0.882442748092 0.478638184246 0.0274809160305 0.0253671562083
0 0.909541984733 0.481308411215 0.0236641221374 0.022696929239
0 0.938549618321 0.478638184246 0.0282442748092 0.0253671562083
0 0.536259541985 0.507343124166 0.0206106870229 0.0240320427236
0 0.56679389313 0.509345794393 0.0328244274809 0.0280373831776
0 0.603435114504 0.510013351135 0.0297709923664 0.0267022696929
0 0.630152671756 0.509345794393 0.0160305343511 0.0253671562083
0 0.656870229008 0.509345794393 0.0267175572519 0.022696929239
0 0.685114503817 0.507343124166 0.0267175572519 0.0267022696929
0 0.735114503817 0.510013351135 0.0641221374046 0.0267022696929
0 0.779007633588 0.509345794393 0.0190839694656 0.0200267022697
0 0.809541984733 0.509345794393 0.0358778625954 0.0280373831776
0 0.853435114504 0.509345794393 0.0473282442748 0.022696929239
0 0.897328244275 0.509345794393 0.0374045801527 0.022696929239
0 0.932442748092 0.509345794393 0.0251908396947 0.022696929239
0 0.545038167939 0.538718291055 0.0351145038168 0.0200267022697
0 0.579007633588 0.540720961282 0.0282442748092 0.0267022696929
0 0.608396946565 0.538718291055 0.024427480916 0.0200267022697
0 0.631297709924 0.536715620828 0.0213740458015 0.0240320427236
0 0.648473282443 0.538718291055 0.00839694656489 0.0200267022697
0 0.66679389313 0.542723631509 0.0267175572519 0.0280373831776
0 0.691221374046 0.545393858478 0.0206106870229 0.0173564753004
0 0.720610687023 0.540720961282 0.0274809160305 0.0267022696929
0 0.754580152672 0.538718291055 0.0328244274809 0.0253671562083
0 0.780152671756 0.538718291055 0.0152671755725 0.022696929239
0 0.80572519084 0.542723631509 0.0328244274809 0.0253671562083
0 0.835114503817 0.538718291055 0.024427480916 0.022696929239
0 0.864122137405 0.542723631509 0.0259541984733 0.0253671562083
0 0.882442748092 0.540720961282 0.00916030534351 0.0160213618158
0 0.900763358779 0.540720961282 0.0259541984733 0.0240320427236
0 0.922900763359 0.542723631509 0.0152671755725 0.0253671562083
0 0.938549618321 0.542723631509 0.0206106870229 0.0200267022697
0 0.549618320611 0.569425901202 0.0458015267176 0.0253671562083
0 0.591221374046 0.571428571429 0.0282442748092 0.018691588785
0 0.617938931298 0.569425901202 0.0206106870229 0.022696929239
0 0.653053435115 0.573431241656 0.0450381679389 0.0200267022697
0 0.703053435115 0.572096128171 0.0519083969466 0.0200267022697
0 0.740076335878 0.574098798398 0.0190839694656 0.018691588785
0 0.762977099237 0.572096128171 0.0145038167939 0.022696929239
0 0.787404580153 0.571428571429 0.0251908396947 0.0267022696929
0 0.809541984733 0.573431241656 0.0129770992366 0.0253671562083
0 0.821755725191 0.574098798398 0.00839694656489 0.0240320427236
0 0.846183206107 0.571428571429 0.0343511450382 0.018691588785
0 0.881679389313 0.572096128171 0.0198473282443 0.0253671562083
0 0.901908396947 0.571428571429 0.00992366412214 0.0240320427236
0 0.927480916031 0.573431241656 0.0396946564885 0.022696929239
0 0.548473282443 0.600801068091 0.0419847328244 0.0240320427236
0 0.592366412214 0.602803738318 0.0396946564885 0.0253671562083
0 0.627480916031 0.602803738318 0.0229007633588 0.022696929239
0 0.660687022901 0.602803738318 0.0343511450382 0.0253671562083
0 0.687404580153 0.602803738318 0.0190839694656 0.0280373831776
0 0.721755725191 0.602803738318 0.0465648854962 0.0253671562083
0 0.761832061069 0.600801068091 0.0290076335878 0.0293724966622
0 0.797328244275 0.598798397864 0.0343511450382 0.0253671562083
0 0.839694656489 0.604806408545 0.0412213740458 0.0293724966622
0 0.879007633588 0.602803738318 0.0312977099237 0.0200267022697
0 0.912977099237 0.606809078772 0.0335877862595 0.0253671562083
0 0.940076335878 0.606809078772 0.0190839694656 0.0280373831776
0 0.539694656489 0.633511348465 0.0274809160305 0.0253671562083
0 0.581679389313 0.633511348465 0.0442748091603 0.0200267022697
0 0.631297709924 0.633511348465 0.036641221374 0.0200267022697
0 0.671374045802 0.63217623498 0.0312977099237 0.0253671562083
0 0.698473282443 0.634178905207 0.0152671755725 0.0293724966622
0 0.72786259542 0.63217623498 0.0312977099237 0.022696929239
0 0.757251908397 0.634178905207 0.012213740458 0.0267022696929
0 0.79465648855 0.634178905207 0.0458015267176 0.0213618157543
0 0.846183206107 0.633511348465 0.0374045801527 0.0253671562083
0 0.896183206107 0.634178905207 0.0488549618321 0.0267022696929
0 0.93893129771 0.635514018692 0.0229007633588 0.0240320427236
0 0.561832061069 0.664886515354 0.0732824427481 0.0347129506008
0 0.612977099237 0.664886515354 0.018320610687 0.0213618157543
0 0.635114503817 0.662216288385 0.012213740458 0.018691588785
0 0.686259541985 0.664886515354 0.0793893129771 0.0213618157543
0 0.747328244275 0.662883845127 0.0290076335878 0.0307076101469
0 0.772900763359 0.6608811749 0.0175572519084 0.0320427236315
0 0.812977099237 0.664886515354 0.0564885496183 0.0267022696929
0 0.86679389313 0.662883845127 0.0419847328244 0.0253671562083
0 0.91679389313 0.664886515354 0.0549618320611 0.0267022696929
0 0.560687022901 0.691588785047 0.0679389312977 0.0267022696929
0 0.614122137405 0.697596795728 0.0343511450382 0.0253671562083
0 0.657251908397 0.697596795728 0.0442748091603 0.0253671562083
0 0.687404580153 0.695594125501 0.0160305343511 0.0240320427236
0 0.720610687023 0.693591455274 0.0427480916031 0.0253671562083
0 0.750763358779 0.697596795728 0.0175572519084 0.022696929239
0 0.782824427481 0.695594125501 0.0450381679389 0.0240320427236
0 0.829007633588 0.695594125501 0.0213740458015 0.018691588785
0 0.883969465649 0.697596795728 0.0839694656489 0.0146862483311
0 0.559541984733 0.728971962617 0.0351145038168 0.0267022696929
0 0.596183206107 0.730974632844 0.0290076335878 0.0280373831776
0 0.627480916031 0.732977303071 0.0259541984733 0.0213618157543
0 0.67786259542 0.732977303071 0.0748091603053 0.0320427236315
0 0.725190839695 0.728971962617 0.0137404580153 0.0267022696929
0 0.76679389313 0.730974632844 0.0664122137405 0.0253671562083
0 0.831297709924 0.734979973298 0.0564885496183 0.0333778371162
0 0.869083969466 0.728971962617 0.0145038167939 0.0267022696929
0 0.890076335878 0.730974632844 0.024427480916 0.0333778371162
0 0.915648854962 0.730974632844 0.0236641221374 0.022696929239
0 0.940076335878 0.730974632844 0.0175572519084 0.0253671562083
0 0.547328244275 0.76435246996 0.0458015267176 0.0280373831776
0 0.598473282443 0.765687583445 0.0412213740458 0.022696929239
0 0.637404580153 0.765687583445 0.0259541984733 0.0173564753004
0 0.675572519084 0.761682242991 0.024427480916 0.0307076101469
0 0.717938931298 0.766355140187 0.0450381679389 0.0240320427236
0 0.775190839695 0.767690253672 0.0511450381679 0.0213618157543
0 0.819083969466 0.765687583445 0.0259541984733 0.022696929239
0 0.898473282443 0.761682242991 0.111450381679 0.0307076101469
0 0.549618320611 0.795060080107 0.0442748091603 0.0307076101469
0 0.590076335878 0.79305740988 0.024427480916 0.0293724966622
0 0.646183206107 0.79305740988 0.063358778626 0.0213618157543
0 0.688549618321 0.790387182911 0.0137404580153 0.0213618157543
0 0.71679389313 0.797062750334 0.0381679389313 0.0160213618158
0 0.748473282443 0.790387182911 0.0160305343511 0.0320427236315
0 0.777480916031 0.792389853138 0.0358778625954 0.0253671562083
0 0.814122137405 0.792389853138 0.0267175572519 0.022696929239
0 0.851908396947 0.79305740988 0.0320610687023 0.0267022696929
0 0.890076335878 0.795060080107 0.0335877862595 0.0200267022697
0 0.930152671756 0.792389853138 0.0374045801527 0.0253671562083
0 0.550763358779 0.817757009346 0.0435114503817 0.0253671562083
0 0.592366412214 0.819759679573 0.0152671755725 0.0267022696929
0 0.63358778626 0.823765020027 0.0595419847328 0.0240320427236
0 0.679007633588 0.823765020027 0.0282442748092 0.0213618157543
0 0.708015267176 0.827770360481 0.0251908396947 0.018691588785
0 0.753053435115 0.825767690254 0.0587786259542 0.022696929239
0 0.798473282443 0.825767690254 0.0213740458015 0.022696929239
0 0.825190839695 0.825767690254 0.0259541984733 0.0307076101469
0 0.858015267176 0.827770360481 0.0381679389313 0.0213618157543
0 0.885114503817 0.823765020027 0.0160305343511 0.0160213618158
0 0.913358778626 0.8217623498 0.0282442748092 0.0200267022697
0 0.936259541985 0.8217623498 0.0190839694656 0.0200267022697
0 0.55572519084 0.851134846462 0.0549618320611 0.0280373831776
0 0.59465648855 0.856475300401 0.0167938931298 0.0146862483311
0 0.615648854962 0.855140186916 0.0206106870229 0.022696929239
0 0.658396946565 0.854472630174 0.0557251908397 0.0240320427236
0 0.721755725191 0.857142857143 0.0725190839695 0.0293724966622
0 0.772900763359 0.856475300401 0.0251908396947 0.022696929239
0 0.803435114504 0.852469959947 0.0358778625954 0.0146862483311
0 0.841221374046 0.854472630174 0.0412213740458 0.0133511348465
0 0.872900763359 0.856475300401 0.0221374045802 0.0173564753004
0 0.915648854962 0.854472630174 0.0618320610687 0.0213618157543
0 0.540076335878 0.881842456609 0.0312977099237 0.0253671562083
0 0.579007633588 0.881842456609 0.0435114503817 0.0253671562083
0 0.611832061069 0.879839786382 0.0221374045802 0.0213618157543
0 0.650763358779 0.885847797063 0.0511450381679 0.0253671562083
0 0.687404580153 0.87917222964 0.00687022900763 0.0253671562083
0 0.712977099237 0.88785046729 0.0290076335878 0.0213618157543
0 0.759541984733 0.885847797063 0.0519083969466 0.0200267022697
0 0.79465648855 0.885847797063 0.00916030534351 0.022696929239
0 0.82786259542 0.885847797063 0.0480916030534 0.022696929239
0 0.892366412214 0.883845126836 0.036641221374 0.0240320427236
0 0.929007633588 0.885847797063 0.030534351145 0.0173564753004
0 0.542366412214 0.917222963952 0.0282442748092 0.018691588785
0 0.565267175573 0.919225634179 0.00687022900763 0.0146862483311
0 0.587404580153 0.918558077437 0.0282442748092 0.018691588785
0 0.614122137405 0.91655540721 0.0129770992366 0.022696929239
0 0.671374045802 0.919225634179 0.0969465648855 0.0173564753004
0 0.739694656489 0.918558077437 0.0335877862595 0.0160213618158
0 0.78358778626 0.91655540721 0.0450381679389 0.0200267022697
0 0.829007633588 0.915220293725 0.0458015267176 0.0200267022697
0 0.865648854962 0.91655540721 0.018320610687 0.0173564753004
0 0.898473282443 0.918558077437 0.0229007633588 0.0160213618158
0 0.917938931298 0.918558077437 0.00687022900763 0.0133511348465
0 0.938549618321 0.91655540721 0.0160305343511 0.0200267022697
