0 0.0981595092025 0.0466448445172 0.0736196319018 0.0343698854337
0 0.164621676892 0.0515548281506 0.0347648261759 0.0310965630115
0 0.226993865031 0.0466448445172 0.102249488753 0.0343698854337
0 0.319018404908 0.0515548281506 0.0736196319018 0.0245499181669
0 0.460122699387 0.0441898527005 0.159509202454 0.0327332242226
0 0.557259713701 0.0441898527005 0.0347648261759 0.0327332242226
0 0.59918200409 0.0515548281506 0.0245398773006 0.0278232405892
0 0.668711656442 0.0441898527005 0.0899795501022 0.0392798690671
0 0.763803680982 0.0515548281506 0.0633946830266 0.0310965630115
0 0.833333333333 0.0490998363339 0.0470347648262 0.0327332242226
0 0.905930470348 0.0441898527005 0.0490797546012 0.0327332242226
0 0.0695296523517 0.0859247135843 0.114519427403 0.0343698854337
0 0.152351738241 0.0867430441899 0.0593047034765 0.0229132569558
0 0.216768916155 0.0867430441899 0.0490797546012 0.0294599018003
0 0.310838445808 0.0859247135843 0.0940695296524 0.0278232405892
0 0.398773006135 0.088379705401 0.0654396728016 0.0294599018003
0 0.501022494888 0.088379705401 0.110429447853 0.0327332242226
0 0.604294478528 0.0908346972177 0.108384458078 0.0310965630115
0 0.71472392638 0.0859247135843 0.0961145194274 0.0343698854337
0 0.819018404908 0.0859247135843 0.0715746421268 0.0278232405892
0 0.898773006135 0.0859247135843 0.0552147239264 0.0343698854337
0 0.848670756646 0.126841243863 0.118609406953 0.0310965630115
0 0.739263803681 0.118657937807 0.0593047034765 0.0278232405892
0 0.678936605317 0.126022913257 0.0654396728016 0.0294599018003
0 0.567484662577 0.126841243863 0.173824130879 0.0343698854337
0 0.418200408998 0.126022913257 0.0920245398773 0.0360065466448
0 0.319018404908 0.124386252046 0.0858895705521 0.0327332242226
0 0.19018404908 0.126022913257 0.130879345603 0.0327332242226
0 0.0654396728016 0.122749590835 0.118609406953 0.0360065466448
0 0.0664621676892 0.157937806874 0.079754601227 0.0310965630115
0 0.138036809816 0.163666121113 0.038854805726 0.0294599018003
0 0.244376278119 0.163666121113 0.132924335378 0.0360065466448
0 0.342535787321 0.157937806874 0.0715746421268 0.0278232405892
0 0.457055214724 0.163666121113 0.0879345603272 0.0294599018003
0 0.540899795501 0.157937806874 0.0879345603272 0.0343698854337
0 0.613496932515 0.16612111293 0.0327198364008 0.0343698854337
0 0.701431492843 0.163666121113 0.114519427403 0.0327332242226
0 0.799591002045 0.160392798691 0.0327198364008 0.0229132569558
0 0.870143149284 0.16612111293 0.0961145194274 0.0343698854337
0 0.0787321063395 0.19558101473 0.120654396728 0.0310965630115
0 0.207566462168 0.201309328969 0.079754601227 0.0294599018003
0 0.320040899796 0.19558101473 0.120654396728 0.0343698854337
0 0.416155419223 0.199672667758 0.038854805726 0.0327332242226
0 0.520449897751 0.201309328969 0.149284253579 0.0360065466448
0 0.0828220858896 0.234860883797 0.0633946830266 0.0278232405892
0 0.150306748466 0.248772504092 0.0633946830266 0.0392798690671
0 0.222903885481 0.254500818331 0.0449897750511 0.0180032733224
0 0.273006134969 0.252045826514 0.0879345603272 0.0360065466448
0 0.410020449898 0.250409165303 0.137014314928 0.0294599018003
0 0.5081799591 0.248772504092 0.0715746421268 0.0294599018003
0 0.631901840491 0.252045826514 0.118609406953 0.0229132569558
0 0.803680981595 0.247135842881 0.204498977505 0.0294599018003
0 0.058282208589 0.28968903437 0.0756646216769 0.0229132569558
0 0.122699386503 0.283960720131 0.040899795501 0.0245499181669
0 0.204498977505 0.28232405892 0.0899795501022 0.037643207856
0 0.319018404908 0.28968903437 0.0981595092025 0.0327332242226
0 0.418200408998 0.283960720131 0.0756646216769 0.0310965630115
0 0.480572597137 0.288052373159 0.0449897750511 0.0261865793781
0 0.575664621677 0.288052373159 0.0961145194274 0.0261865793781
0 0.661554192229 0.288052373159 0.0429447852761 0.0229132569558
0 0.748466257669 0.283960720131 0.0695296523517 0.0409165302782
0 0.862985685072 0.28968903437 0.126789366053 0.0360065466448
0 0.0869120654397 0.327332242226 0.161554192229 0.0261865793781
0 0.192229038855 0.321603927987 0.0449897750511 0.0343698854337
0 0.244376278119 0.315875613748 0.0511247443763 0.0294599018003
0 0.319018404908 0.315875613748 0.0858895705521 0.0360065466448
0 0.106339468303 0.370703764321 0.0858895705521 0.0343698854337
0 0.263803680982 0.366612111293 0.151329243354 0.0327332242226
0 0.405930470348 0.372340425532 0.104294478528 0.0310965630115
0 0.529652351738 0.374795417349 0.118609406953 0.0327332242226
0 0.665644171779 0.374795417349 0.079754601227 0.0294599018003
0 0.771983640082 0.366612111293 0.0429447852761 0.0261865793781
0 0.877300613497 0.372340425532 0.0940695296524 0.0343698854337
0 0.100204498978 0.406710310966 0.163599182004 0.0310965630115
0 0.243353783231 0.408346972177 0.081799591002 0.0343698854337
0 0.319018404908 0.404255319149 0.0572597137014 0.0327332242226
0 0.405930470348 0.412438625205 0.104294478528 0.0196399345336
0 0.493865030675 0.40589198036 0.0552147239264 0.0229132569558
0 0.519427402863 0.409983633388 0.0204498977505 0.0278232405892
0 0.604294478528 0.404255319149 0.112474437628 0.0327332242226
0 0.0950920245399 0.4558101473 0.0879345603272 0.0310965630115
0 0.203476482618 0.457446808511 0.112474437628 0.0278232405892
0 0.295501022495 0.454991816694 0.0347648261759 0.0229132569558
0 0.362985685072 0.454991816694 0.0511247443763 0.0261865793781
0 0.426380368098 0.451718494272 0.038854805726 0.0261865793781
0 0.548057259714 0.454991816694 0.122699386503 0.0261865793781
0 0.684049079755 0.4558101473 0.108384458078 0.0212765957447
0 0.802658486708 0.449263502455 0.079754601227 0.0343698854337
0 0.883435582822 0.453355155483 0.0572597137014 0.0360065466448
0 0.0869120654397 0.49263502455 0.161554192229 0.0327332242226
0 0.201431492843 0.490998363339 0.0347648261759 0.0294599018003
0 0.237218813906 0.486906710311 0.0327198364008 0.0245499181669
0 0.308793456033 0.49263502455 0.102249488753 0.0294599018003
0 0.414110429448 0.49263502455 0.0633946830266 0.0327332242226
0 0.482617586912 0.498363338789 0.0654396728016 0.0245499181669
0 0.58282208589 0.495090016367 0.0368098159509 0.0212765957447
0 0.643149284254 0.489361702128 0.0511247443763 0.0294599018003
0 0.71472392638 0.49263502455 0.100204498978 0.0261865793781
0 0.845603271984 0.496726677578 0.132924335378 0.0212765957447
0 0.058282208589 0.524549918167 0.079754601227 0.0278232405892
0 0.167689161554 0.534369885434 0.143149284254 0.0310965630115
0 0.302658486708 0.527004909984 0.0327198364008 0.0294599018003
0 0.347648261759 0.524549918167 0.0286298568507 0.0278232405892
0 0.450920245399 0.530278232406 0.137014314928 0.0261865793781
0 0.562372188139 0.528641571195 0.0695296523517 0.0360065466448
0 0.659509202454 0.528641571195 0.0593047034765 0.0261865793781
0 0.729038854806 0.530278232406 0.038854805726 0.0360065466448
0 0.841513292434 0.524549918167 0.153374233129 0.0343698854337
0 0.125766871166 0.562193126023 0.226993865031 0.0278232405892
0 0.306748466258 0.570376432079 0.106339468303 0.0278232405892
0 0.418200408998 0.562193126023 0.0470347648262 0.0310965630115
0 0.459100204499 0.567921440262 0.038854805726 0.0294599018003
0 0.580777096115 0.566284779051 0.163599182004 0.0360065466448
0 0.731083844581 0.566284779051 0.0756646216769 0.0294599018003
0 0.799591002045 0.56464811784 0.0327198364008 0.0327332242226
0 0.874233128834 0.562193126023 0.0715746421268 0.0278232405892
0 0.0623721881391 0.602291325696 0.120654396728 0.0327332242226
0 0.192229038855 0.602291325696 0.0777096114519 0.0327332242226
0 0.274028629857 0.607201309329 0.0368098159509 0.0261865793781
0 0.338445807771 0.607201309329 0.0756646216769 0.0294599018003
0 0.441717791411 0.607201309329 0.0899795501022 0.0327332242226
0 0.583844580777 0.608019639935 0.157464212679 0.0310965630115
0 0.70245398773 0.599836333879 0.0470347648262 0.0343698854337
0 0.766871165644 0.608019639935 0.0449897750511 0.0245499181669
0 0.840490797546 0.605564648118 0.0490797546012 0.0327332242226
0 0.898773006135 0.607201309329 0.038854805726 0.0261865793781
0 0.108384458078 0.641571194763 0.175869120654 0.0327332242226
0 0.223926380368 0.631751227496 0.0593047034765 0.0327332242226
0 0.299591002045 0.633387888707 0.0838445807771 0.0327332242226
0 0.394683026585 0.639116202946 0.0531697341513 0.0343698854337
0 0.503067484663 0.647299509002 0.130879345603 0.0278232405892
0 0.672801635992 0.644844517185 0.159509202454 0.0327332242226
0 0.784253578732 0.644844517185 0.0593047034765 0.0261865793781
0 0.872188139059 0.631751227496 0.0715746421268 0.0327332242226
0 0.0623721881391 0.676759410802 0.0756646216769 0.0278232405892
0 0.141104294479 0.68085106383 0.0531697341513 0.0294599018003
0 0.213701431493 0.677577741408 0.0674846625767 0.0294599018003
0 0.284253578732 0.676759410802 0.0613496932515 0.0343698854337
0 0.356850715746 0.676759410802 0.0674846625767 0.0310965630115
0 0.463190184049 0.682487725041 0.112474437628 0.0294599018003
0 0.602249488753 0.676759410802 0.0674846625767 0.0441898527005
0 0.684049079755 0.676759410802 0.0879345603272 0.0310965630115
0 0.766871165644 0.682487725041 0.0695296523517 0.0360065466448
0 0.873210633947 0.679214402619 0.0981595092025 0.0425531914894
0 0.0613496932515 0.716857610475 0.114519427403 0.0261865793781
0 0.168711656442 0.714402618658 0.0633946830266 0.0278232405892
0 0.232106339468 0.720130932897 0.0715746421268 0.0360065466448
0 0.360940695297 0.714402618658 0.128834355828 0.0343698854337
0 0.472392638037 0.715220949264 0.0777096114519 0.0425531914894
0 0.555214723926 0.714402618658 0.079754601227 0.0343698854337
0 0.684049079755 0.720130932897 0.137014314928 0.0392798690671
0 0.806748466258 0.720130932897 0.0633946830266 0.0360065466448
0 0.878323108384 0.714402618658 0.0715746421268 0.0278232405892
0 0.0623721881391 0.754500818331 0.0756646216769 0.0294599018003
0 0.151329243354 0.752045826514 0.0490797546012 0.0310965630115
0 0.0869120654397 0.79705400982 0.0511247443763 0.0261865793781
0 0.135991820041 0.802782324059 0.038854805726 0.0310965630115
0 0.180981595092 0.808510638298 0.0511247443763 0.0261865793781
0 0.263803680982 0.802782324059 0.0695296523517 0.0343698854337
0 0.0950920245399 0.840425531915 0.0593047034765 0.0310965630115
0 0.178936605317 0.851882160393 0.0715746421268 0.0278232405892
0 0.320040899796 0.851882160393 0.132924335378 0.0310965630115
0 0.466257668712 0.847790507365 0.134969325153 0.0360065466448
0 0.635991820041 0.847790507365 0.126789366053 0.0327332242226
0 0.752556237219 0.847790507365 0.0613496932515 0.0327332242226
0 0.803680981595 0.847790507365 0.0490797546012 0.0294599018003
0 0.898773006135 0.850245499182 0.0552147239264 0.0278232405892
0 0.10736196319 0.885433715221 0.18609406953 0.0294599018003
0 0.265848670757 0.885433715221 0.102249488753 0.0294599018003
0 0.359918200409 0.887888707038 0.0858895705521 0.0245499181669
0 0.457055214724 0.885433715221 0.038854805726 0.0229132569558
0 0.517382413088 0.885433715221 0.0654396728016 0.0327332242226
0 0.588957055215 0.885433715221 0.0368098159509 0.0294599018003
0 0.653374233129 0.885433715221 0.079754601227 0.0229132569558
0 0.745398773006 0.887888707038 0.128834355828 0.0343698854337
0 0.866053169734 0.89116202946 0.0961145194274 0.0278232405892
0 0.0654396728016 0.917348608838 0.110429447853 0.0212765957447
0 0.166666666667 0.927168576105 0.104294478528 0.0278232405892
0 0.278118609407 0.923076923077 0.0858895705521 0.0229132569558
0 0.359918200409 0.923076923077 0.0858895705521 0.0327332242226
0 0.428425357873 0.923076923077 0.038854805726 0.0163666121113
0 0.536809815951 0.923076923077 0.120654396728 0.0294599018003
0 0.632924335378 0.917348608838 0.0593047034765 0.037643207856
0 0.680981595092 0.927168576105 0.0163599182004 0.0180032733224
0 0.763803680982 0.923076923077 0.108384458078 0.0229132569558
0 0.859918200409 0.925531914894 0.0674846625767 0.0212765957447
0 0.0889570552147 0.954991816694 0.124744376278 0.0409165302782
0 0.225971370143 0.96317512275 0.116564417178 0.037643207856
0 0.344580777096 0.96317512275 0.0715746421268 0.037643207856
0 0.489775051125 0.966448445172 0.137014314928 0.0245499181669
0 0.576687116564 0.96317512275 0.0449897750511 0.0245499181669
0 0.665644171779 0.960720130933 0.132924335378 0.0425531914894
0 0.810838445808 0.960720130933 0.116564417178 0.0327332242226
