0 0.495192307692 0.0408653846154 0.923076923077 0.0384615384615
0 0.491586538462 0.0769230769231 0.920673076923 0.0240384615385
0 0.435096153846 0.111778846154 0.802884615385 0.0360576923077
0 0.512019230769 0.152644230769 0.889423076923 0.0360576923077
0 0.490384615385 0.194711538462 0.927884615385 0.0336538461538
0 0.490384615385 0.225961538462 0.918269230769 0.0288461538462
0 0.403846153846 0.262019230769 0.754807692308 0.0288461538462
0 0.519230769231 0.306490384615 0.879807692308 0.0360576923077
0 0.493990384615 0.347355769231 0.920673076923 0.03125
0 0.266826923077 0.373798076923 0.466346153846 0.03125
0 0.513221153846 0.414663461538 0.882211538462 0.0360576923077
0 0.495192307692 0.455528846154 0.923076923077 0.03125
0 0.492788461538 0.489182692308 0.923076923077 0.0360576923077
0 0.390625 0.524038461538 0.71875 0.0240384615385
0 0.515625 0.600961538462 0.882211538462 0.0288461538462
0 0.501201923077 0.635817307692 0.920673076923 0.03125
0 0.496394230769 0.677884615385 0.915865384615 0.0336538461538
0 0.498798076923 0.711538461538 0.915865384615 0.0288461538462
0 0.5 0.742788461538 0.913461538462 0.0336538461538
0 0.347355769231 0.774038461538 0.617788461538 0.0288461538462
0 0.510817307692 0.814903846154 0.891826923077 0.0432692307692
0 0.490384615385 0.853365384615 0.918269230769 0.0384615384615
0 0.498798076923 0.884615384615 0.925480769231 0.0336538461538
0 0.503605769231 0.925480769231 0.935096153846 0.0336538461538
0 0.491586538462 0.955528846154 0.925480769231 0.0456730769231
