0 0.461977186312 0.0663109756098 0.300380228137 0.0533536585366
0 0.63783269962 0.0708841463415 0.0399239543726 0.0411585365854
0 0.410646387833 0.131859756098 0.25855513308 0.0350609756098
0 0.623574144487 0.13262195122 0.152091254753 0.0396341463415
0 0.0884030418251 0.318597560976 0.0361216730038 0.030487804878
0 0.128326996198 0.32012195122 0.032319391635 0.0335365853659
0 0.179657794677 0.319359756098 0.0627376425856 0.032012195122
0 0.225285171103 0.32012195122 0.0209125475285 0.0274390243902
0 0.309885931559 0.319359756098 0.125475285171 0.0289634146341
0 0.406844106464 0.31631097561 0.0608365019011 0.0350609756098
0 0.466730038023 0.31631097561 0.0475285171103 0.0381097560976
0 0.577946768061 0.317073170732 0.163498098859 0.0396341463415
0 0.744296577947 0.318597560976 0.161596958175 0.0365853658537
0 0.873574144487 0.32012195122 0.0703422053232 0.0365853658537
0 0.13783269962 0.350609756098 0.153992395437 0.0274390243902
0 0.272813688213 0.350609756098 0.119771863118 0.0335365853659
0 0.360266159696 0.359756097561 0.0437262357414 0.0396341463415
0 0.414448669202 0.350609756098 0.0608365019011 0.0365853658537
0 0.484790874525 0.350609756098 0.0608365019011 0.0365853658537
0 0.56463878327 0.350609756098 0.0760456273764 0.0335365853659
0 0.632129277567 0.35137195122 0.0361216730038 0.0381097560976
0 0.692965779468 0.35137195122 0.0779467680608 0.0259146341463
0 0.762357414449 0.350609756098 0.0380228136882 0.030487804878
0 0.81463878327 0.35137195122 0.0475285171103 0.0381097560976
0 0.878326996198 0.350609756098 0.0532319391635 0.030487804878
0 0.87927756654 0.391006097561 0.0475285171103 0.0350609756098
0 0.795627376426 0.392530487805 0.11216730038 0.0259146341463
0 0.712927756654 0.391006097561 0.0380228136882 0.032012195122
0 0.615019011407 0.38262195122 0.123574144487 0.0365853658537
0 0.448669201521 0.394054878049 0.171102661597 0.0228658536585
0 0.305133079848 0.391768292683 0.0969581749049 0.0396341463415
0 0.19391634981 0.393292682927 0.110266159696 0.0335365853659
0 0.119771863118 0.391768292683 0.0380228136882 0.0243902439024
0 0.0865019011407 0.391006097561 0.032319391635 0.0259146341463
0 0.123574144487 0.424542682927 0.106463878327 0.032012195122
0 0.262357414449 0.427591463415 0.136882129278 0.0350609756098
0 0.378326996198 0.426829268293 0.0760456273764 0.0335365853659
0 0.453422053232 0.428353658537 0.0399239543726 0.0213414634146
0 0.540874524715 0.426829268293 0.115969581749 0.0274390243902
0 0.652091254753 0.426067073171 0.0912547528517 0.0289634146341
0 0.738593155894 0.425304878049 0.0589353612167 0.0335365853659
0 0.819391634981 0.426067073171 0.0912547528517 0.0350609756098
0 0.88783269962 0.425304878049 0.0342205323194 0.030487804878
0 0.869771863118 0.460365853659 0.0893536121673 0.030487804878
0 0.799429657795 0.459603658537 0.0551330798479 0.0289634146341
0 0.720532319392 0.460365853659 0.0950570342205 0.030487804878
0 0.651140684411 0.457317073171 0.0209125475285 0.0274390243902
0 0.601711026616 0.460365853659 0.0475285171103 0.0274390243902
0 0.536121673004 0.458841463415 0.0684410646388 0.030487804878
0 0.457224334601 0.458079268293 0.0589353612167 0.032012195122
0 0.350760456274 0.460365853659 0.115969581749 0.0243902439024
0 0.257604562738 0.459603658537 0.0551330798479 0.0289634146341
0 0.203422053232 0.459603658537 0.0380228136882 0.0228658536585
0 0.118821292776 0.460365853659 0.115969581749 0.0243902439024
0 0.109315589354 0.490853658537 0.0779467680608 0.0213414634146
0 0.179657794677 0.490853658537 0.0665399239544 0.0335365853659
0 0.289923954373 0.490853658537 0.138783269962 0.0213414634146
0 0.38783269962 0.491615853659 0.0304182509506 0.0228658536585
0 0.447718631179 0.490853658537 0.074144486692 0.0213414634146
0 0.119771863118 0.53887195122 0.0266159695817 0.0289634146341
0 0.207224334601 0.538109756098 0.12927756654 0.0274390243902
0 0.360266159696 0.53887195122 0.165399239544 0.0289634146341
0 0.495247148289 0.53887195122 0.0703422053232 0.0198170731707
0 0.568441064639 0.537347560976 0.0608365019011 0.032012195122
0 0.647338403042 0.53887195122 0.0589353612167 0.0259146341463
0 0.70247148289 0.53887195122 0.0513307984791 0.0228658536585
0 0.749049429658 0.538109756098 0.0494296577947 0.0243902439024
0 0.849809885932 0.538109756098 0.12927756654 0.0274390243902
0 0.884030418251 0.57012195122 0.0456273764259 0.0213414634146
0 0.809885931559 0.57012195122 0.0798479087452 0.0213414634146
0 0.707224334601 0.57012195122 0.102661596958 0.030487804878
0 0.609315589354 0.57012195122 0.0551330798479 0.0243902439024
0 0.544676806084 0.57012195122 0.0551330798479 0.0274390243902
0 0.462927756654 0.569359756098 0.0893536121673 0.0198170731707
0 0.373574144487 0.57012195122 0.0627376425856 0.0243902439024
0 0.281368821293 0.57012195122 0.0988593155894 0.0213414634146
0 0.183460076046 0.569359756098 0.0627376425856 0.0228658536585
0 0.109315589354 0.57012195122 0.0703422053232 0.0243902439024
0 0.0884030418251 0.600609756098 0.0551330798479 0.0274390243902
0 0.152091254753 0.600609756098 0.06463878327 0.030487804878
0 0.21102661597 0.611280487805 0.0456273764259 0.0213414634146
0 0.300380228137 0.610518292683 0.125475285171 0.0259146341463
0 0.438212927757 0.600609756098 0.131178707224 0.0243902439024
0 0.545627376426 0.610518292683 0.06463878327 0.032012195122
0 0.615019011407 0.612804878049 0.0475285171103 0.0274390243902
0 0.656844106464 0.611280487805 0.0285171102662 0.0274390243902
0 0.720532319392 0.612042682927 0.0950570342205 0.0198170731707
0 0.836501901141 0.613567073171 0.12927756654 0.0228658536585
0 0.104562737643 0.647103658537 0.0760456273764 0.0259146341463
0 0.211977186312 0.647103658537 0.11216730038 0.0259146341463
0 0.365019011407 0.644817073171 0.167300380228 0.030487804878
0 0.526615969582 0.644817073171 0.144486692015 0.030487804878
0 0.666349809886 0.647865853659 0.119771863118 0.0274390243902
0 0.763307984791 0.645579268293 0.0627376425856 0.0228658536585
0 0.855513307985 0.646341463415 0.0912547528517 0.030487804878
0 0.178707224335 0.679115853659 0.228136882129 0.0259146341463
0 0.373574144487 0.678353658537 0.119771863118 0.0243902439024
0 0.499049429658 0.679115853659 0.108365019011 0.0198170731707
0 0.609315589354 0.676829268293 0.0779467680608 0.0274390243902
0 0.708174904943 0.678353658537 0.0969581749049 0.0274390243902
0 0.832699619772 0.678353658537 0.133079847909 0.0274390243902
0 0.0855513307985 0.709603658537 0.0380228136882 0.0228658536585
0 0.151140684411 0.710365853659 0.0779467680608 0.0274390243902
0 0.225285171103 0.710365853659 0.0551330798479 0.0274390243902
0 0.272813688213 0.709603658537 0.0361216730038 0.0289634146341
0 0.304182509506 0.709603658537 0.0342205323194 0.032012195122
0 0.342205323194 0.709603658537 0.0380228136882 0.0289634146341
0 0.392585551331 0.709603658537 0.0475285171103 0.032012195122
0 0.480038022814 0.709603658537 0.0969581749049 0.032012195122
0 0.554182509506 0.710365853659 0.0285171102662 0.0274390243902
0 0.618821292776 0.711890243902 0.0779467680608 0.0213414634146
0 0.726235741445 0.709603658537 0.0950570342205 0.032012195122
0 0.84030418251 0.710365853659 0.133079847909 0.0274390243902
0 0.0712927756654 0.741615853659 0.032319391635 0.0198170731707
0 0.138783269962 0.743140243902 0.0684410646388 0.0259146341463
0 0.25855513308 0.751524390244 0.148288973384 0.0243902439024
0 0.397338403042 0.75381097561 0.06463878327 0.0259146341463
0 0.476235741445 0.750762195122 0.0627376425856 0.032012195122
0 0.56463878327 0.741615853659 0.106463878327 0.0289634146341
0 0.641634980989 0.753048780488 0.0437262357414 0.0274390243902
0 0.71102661597 0.740853658537 0.06463878327 0.0335365853659
0 0.826996197719 0.754573170732 0.148288973384 0.030487804878
0 0.136882129278 0.785823170732 0.136882129278 0.0259146341463
0 0.272813688213 0.787347560976 0.115969581749 0.0289634146341
0 0.368821292776 0.784298780488 0.0570342205323 0.0289634146341
0 0.424904942966 0.78506097561 0.0399239543726 0.0274390243902
0 0.544676806084 0.786585365854 0.180608365019 0.030487804878
0 0.133079847909 0.82012195122 0.0722433460076 0.0335365853659
0 0.249049429658 0.82012195122 0.163498098859 0.0335365853659
0 0.382129277567 0.819359756098 0.0684410646388 0.0259146341463
0 0.447718631179 0.819359756098 0.032319391635 0.0289634146341
0 0.531368821293 0.828506097561 0.115969581749 0.032012195122
0 0.614068441065 0.819359756098 0.0342205323194 0.0289634146341
0 0.720532319392 0.819359756098 0.148288973384 0.0289634146341
0 0.865019011407 0.82012195122 0.102661596958 0.0335365853659
0 0.0884030418251 0.861280487805 0.0703422053232 0.030487804878
0 0.20247148289 0.860518292683 0.123574144487 0.032012195122
0 0.365019011407 0.864329268293 0.186311787072 0.030487804878
0 0.518060836502 0.859756097561 0.0855513307985 0.0335365853659
0 0.606463878327 0.862042682927 0.0722433460076 0.0289634146341
0 0.670152091255 0.863567073171 0.0285171102662 0.0259146341463
0 0.735741444867 0.860518292683 0.0836501901141 0.032012195122
0 0.813688212928 0.864329268293 0.0722433460076 0.0335365853659
0 0.8963878327 0.865853658537 0.0589353612167 0.030487804878
0 0.134030418251 0.895579268293 0.157794676806 0.032012195122
0 0.252851711027 0.897865853659 0.0532319391635 0.0213414634146
0 0.383079847909 0.897103658537 0.184410646388 0.032012195122
0 0.540874524715 0.897865853659 0.0855513307985 0.030487804878
0 0.711977186312 0.897865853659 0.230038022814 0.0243902439024
0 0.874524714829 0.897103658537 0.0684410646388 0.0289634146341
0 0.115019011407 0.928353658537 0.100760456274 0.0335365853659
0 0.197718631179 0.929115853659 0.0532319391635 0.0289634146341
0 0.281368821293 0.928353658537 0.0836501901141 0.030487804878
0 0.378326996198 0.928353658537 0.0722433460076 0.0335365853659
0 0.448669201521 0.940548780488 0.0456273764259 0.0365853658537
0 0.51711026616 0.929115853659 0.0760456273764 0.0350609756098
0 0.601711026616 0.930640243902 0.074144486692 0.0259146341463
0 0.651140684411 0.928353658537 0.032319391635 0.0335365853659
0 0.738593155894 0.928353658537 0.115969581749 0.0274390243902
0 0.827946768061 0.928353658537 0.0399239543726 0.0182926829268
0 0.882129277567 0.929115853659 0.0532319391635 0.0289634146341
