0 0.0823529411765 0.0227987421384 0.0745098039216 0.0267295597484
0 0.174509803922 0.0235849056604 0.0745098039216 0.0251572327044
0 0.324509803922 0.0172955974843 0.166666666667 0.0314465408805
0 0.458823529412 0.0235849056604 0.0705882352941 0.0251572327044
0 0.539215686275 0.0227987421384 0.0745098039216 0.0298742138365
0 0.616666666667 0.0235849056604 0.0411764705882 0.0251572327044
0 0.693137254902 0.0235849056604 0.0686274509804 0.0251572327044
0 0.824509803922 0.0227987421384 0.158823529412 0.0298742138365
0 0.0794117647059 0.060534591195 0.0686274509804 0.0235849056604
0 0.151960784314 0.0550314465409 0.0294117647059 0.0188679245283
0 0.252941176471 0.0550314465409 0.117647058824 0.0314465408805
0 0.358823529412 0.059748427673 0.078431372549 0.0220125786164
0 0.429411764706 0.061320754717 0.0313725490196 0.0251572327044
0 0.538235294118 0.0550314465409 0.139215686275 0.0188679245283
0 0.674509803922 0.059748427673 0.0627450980392 0.0188679245283
0 0.766666666667 0.0550314465409 0.0627450980392 0.0251572327044
0 0.872549019608 0.060534591195 0.0901960784314 0.0235849056604
0 0.139215686275 0.0990566037736 0.180392156863 0.0251572327044
0 0.274509803922 0.100628930818 0.0705882352941 0.0188679245283
0 0.38137254902 0.0974842767296 0.111764705882 0.0251572327044
0 0.489215686275 0.0974842767296 0.0764705882353 0.0251572327044
0 0.551960784314 0.0927672955975 0.0254901960784 0.0251572327044
0 0.607843137255 0.0982704402516 0.0588235294118 0.0204402515723
0 0.724509803922 0.0927672955975 0.150980392157 0.0251572327044
0 0.123529411765 0.133647798742 0.0705882352941 0.0251572327044
0 0.267647058824 0.132075471698 0.190196078431 0.0283018867925
0 0.417647058824 0.136006289308 0.0941176470588 0.0204402515723
0 0.502941176471 0.134433962264 0.056862745098 0.0204402515723
0 0.63137254902 0.136006289308 0.18431372549 0.0204402515723
0 0.780392156863 0.133647798742 0.101960784314 0.0220125786164
0 0.879411764706 0.135220125786 0.0529411764706 0.0188679245283
0 0.130392156863 0.177672955975 0.162745098039 0.0220125786164
0 0.252941176471 0.178459119497 0.0627450980392 0.0204402515723
0 0.366666666667 0.177672955975 0.137254901961 0.0251572327044
0 0.502941176471 0.181603773585 0.0725490196078 0.0204402515723
0 0.580392156863 0.179245283019 0.0549019607843 0.0220125786164
0 0.652941176471 0.178459119497 0.0509803921569 0.0204402515723
0 0.773529411765 0.180031446541 0.150980392157 0.0172955974843
0 0.894117647059 0.180031446541 0.0470588235294 0.0172955974843
0 0.124509803922 0.208333333333 0.150980392157 0.0267295597484
0 0.302941176471 0.208333333333 0.162745098039 0.0267295597484
0 0.445098039216 0.208333333333 0.0666666666667 0.0235849056604
0 0.608823529412 0.202830188679 0.209803921569 0.0283018867925
0 0.780392156863 0.204402515723 0.0941176470588 0.0251572327044
0 0.880392156863 0.207547169811 0.0705882352941 0.0283018867925
0 0.0980392156863 0.248427672956 0.0980392156863 0.0251572327044
0 0.200980392157 0.249213836478 0.0882352941176 0.0235849056604
0 0.288235294118 0.249213836478 0.0470588235294 0.0235849056604
0 0.373529411765 0.249213836478 0.0882352941176 0.0235849056604
0 0.516666666667 0.249213836478 0.174509803922 0.0235849056604
0 0.645098039216 0.249213836478 0.0470588235294 0.0172955974843
0 0.746078431373 0.249213836478 0.111764705882 0.0172955974843
0 0.846078431373 0.249213836478 0.0882352941176 0.0110062893082
0 0.0911764705882 0.286949685535 0.119607843137 0.0235849056604
0 0.208823529412 0.290094339623 0.0529411764706 0.0267295597484
0 0.308823529412 0.286949685535 0.1 0.0235849056604
0 0.416666666667 0.290094339623 0.0803921568627 0.0267295597484
0 0.516666666667 0.288522012579 0.056862745098 0.0204402515723
0 0.639215686275 0.286949685535 0.149019607843 0.0204402515723
0 0.767647058824 0.288522012579 0.0882352941176 0.0204402515723
0 0.867647058824 0.285377358491 0.0882352941176 0.0267295597484
0 0.0911764705882 0.313679245283 0.13137254902 0.0235849056604
0 0.224509803922 0.321540880503 0.0764705882353 0.0172955974843
0 0.338235294118 0.318396226415 0.123529411765 0.0267295597484
0 0.474509803922 0.312106918239 0.101960784314 0.0172955974843
0 0.574509803922 0.315251572327 0.0941176470588 0.0204402515723
0 0.702941176471 0.312893081761 0.0607843137255 0.0314465408805
0 0.838235294118 0.312106918239 0.127450980392 0.0298742138365
0 0.101960784314 0.362421383648 0.117647058824 0.0298742138365
0 0.201960784314 0.363993710692 0.0745098039216 0.0172955974843
0 0.289215686275 0.362421383648 0.0725490196078 0.0267295597484
0 0.395098039216 0.35534591195 0.135294117647 0.0345911949686
0 0.523529411765 0.36320754717 0.113725490196 0.0251572327044
0 0.116666666667 0.395440251572 0.0607843137255 0.0235849056604
0 0.200980392157 0.406446540881 0.0686274509804 0.0172955974843
0 0.345098039216 0.395440251572 0.18431372549 0.0267295597484
0 0.474509803922 0.393081761006 0.0509803921569 0.0314465408805
0 0.550980392157 0.409591194969 0.0705882352941 0.0393081761006
0 0.643137254902 0.39465408805 0.0941176470588 0.0314465408805
0 0.759803921569 0.408805031447 0.135294117647 0.0314465408805
0 0.880392156863 0.408018867925 0.0705882352941 0.0298742138365
0 0.130392156863 0.437106918239 0.162745098039 0.0251572327044
0 0.28137254902 0.437106918239 0.0921568627451 0.0314465408805
0 0.374509803922 0.437106918239 0.078431372549 0.0377358490566
0 0.458823529412 0.437106918239 0.0705882352941 0.0251572327044
0 0.616666666667 0.437106918239 0.217647058824 0.0188679245283
0 0.780392156863 0.437106918239 0.101960784314 0.0251572327044
0 0.880392156863 0.437106918239 0.0588235294118 0.0314465408805
0 0.109803921569 0.473270440252 0.156862745098 0.0377358490566
0 0.246078431373 0.478773584906 0.111764705882 0.0298742138365
0 0.346078431373 0.477201257862 0.0686274509804 0.0298742138365
0 0.423529411765 0.477987421384 0.0549019607843 0.0220125786164
0 0.496078431373 0.474842767296 0.0823529411765 0.0345911949686
0 0.564705882353 0.47641509434 0.0392156862745 0.0314465408805
0 0.621568627451 0.475628930818 0.0509803921569 0.0298742138365
0 0.746078431373 0.469339622642 0.182352941176 0.0330188679245
0 0.886274509804 0.47641509434 0.0627450980392 0.0283018867925
0 0.071568627451 0.501572327044 0.0607843137255 0.0251572327044
0 0.252941176471 0.505503144654 0.278431372549 0.0235849056604
0 0.466666666667 0.506289308176 0.121568627451 0.0251572327044
0 0.567647058824 0.505503144654 0.0607843137255 0.0267295597484
0 0.651960784314 0.50393081761 0.0882352941176 0.0235849056604
0 0.787254901961 0.503144654088 0.154901960784 0.0283018867925
0 0.889215686275 0.507075471698 0.0372549019608 0.0298742138365
0 0.0794117647059 0.549528301887 0.0686274509804 0.0235849056604
0 0.209803921569 0.550314465409 0.156862745098 0.0220125786164
0 0.359803921569 0.551100628931 0.139215686275 0.0298742138365
0 0.489215686275 0.548742138365 0.0921568627451 0.0251572327044
0 0.574509803922 0.550314465409 0.0549019607843 0.0283018867925
0 0.689215686275 0.554245283019 0.158823529412 0.0298742138365
0 0.846078431373 0.551100628931 0.166666666667 0.0267295597484
0 0.0686274509804 0.576257861635 0.0313725490196 0.0267295597484
0 0.180392156863 0.576257861635 0.164705882353 0.0298742138365
0 0.302941176471 0.580974842767 0.0647058823529 0.0172955974843
0 0.458823529412 0.579402515723 0.219607843137 0.0235849056604
0 0.646078431373 0.578616352201 0.111764705882 0.0283018867925
0 0.751960784314 0.575471698113 0.0686274509804 0.0251572327044
0 0.851960784314 0.579402515723 0.135294117647 0.0204402515723
0 0.102941176471 0.622641509434 0.0960784313725 0.0220125786164
0 0.258823529412 0.624213836478 0.172549019608 0.0314465408805
0 0.423529411765 0.622641509434 0.125490196078 0.0314465408805
0 0.539215686275 0.624213836478 0.078431372549 0.0314465408805
0 0.658823529412 0.624213836478 0.117647058824 0.0251572327044
0 0.772549019608 0.624213836478 0.0470588235294 0.0251572327044
0 0.867647058824 0.622641509434 0.107843137255 0.0251572327044
0 0.101960784314 0.656446540881 0.121568627451 0.0267295597484
0 0.194117647059 0.660377358491 0.0352941176471 0.0251572327044
0 0.243137254902 0.659591194969 0.0549019607843 0.0298742138365
0 0.366666666667 0.660377358491 0.16862745098 0.0251572327044
0 0.108823529412 0.692610062893 0.0803921568627 0.0267295597484
0 0.195098039216 0.691037735849 0.0686274509804 0.0204402515723
0 0.28137254902 0.693396226415 0.056862745098 0.0251572327044
0 0.367647058824 0.694968553459 0.1 0.0188679245283
0 0.458823529412 0.694182389937 0.078431372549 0.0204402515723
0 0.580392156863 0.691823899371 0.149019607843 0.0251572327044
0 0.730392156863 0.695754716981 0.127450980392 0.0267295597484
0 0.858823529412 0.692610062893 0.101960784314 0.0235849056604
0 0.0794117647059 0.73820754717 0.0764705882353 0.0267295597484
0 0.157843137255 0.73820754717 0.0607843137255 0.0298742138365
0 0.251960784314 0.741352201258 0.103921568627 0.0298742138365
0 0.367647058824 0.740566037736 0.119607843137 0.0314465408805
0 0.466666666667 0.73820754717 0.0745098039216 0.0298742138365
0 0.552941176471 0.737421383648 0.0941176470588 0.0314465408805
0 0.645098039216 0.740566037736 0.0627450980392 0.0251572327044
0 0.759803921569 0.74213836478 0.147058823529 0.0220125786164
0 0.88137254902 0.739779874214 0.0686274509804 0.0204402515723
0 0.117647058824 0.764937106918 0.105882352941 0.0204402515723
0 0.258823529412 0.76572327044 0.137254901961 0.0188679245283
0 0.394117647059 0.768081761006 0.0745098039216 0.0330188679245
0 0.446078431373 0.764937106918 0.021568627451 0.0267295597484
0 0.51568627451 0.76572327044 0.121568627451 0.0251572327044
0 0.595098039216 0.76572327044 0.0450980392157 0.0283018867925
0 0.667647058824 0.761006289308 0.107843137255 0.0283018867925
0 0.752941176471 0.764937106918 0.0509803921569 0.0330188679245
0 0.816666666667 0.768081761006 0.0529411764706 0.0267295597484
0 0.887254901961 0.76572327044 0.0764705882353 0.0188679245283
0 0.05 0.809748427673 0.1 0.0314465408805
0 0.136274509804 0.810534591195 0.0411764705882 0.0172955974843
0 0.229411764706 0.811320754717 0.0941176470588 0.0377358490566
0 0.301960784314 0.810534591195 0.0392156862745 0.0361635220126
0 0.386274509804 0.811320754717 0.078431372549 0.0314465408805
0 0.459803921569 0.811320754717 0.0764705882353 0.0314465408805
0 0.508823529412 0.811320754717 0.0372549019608 0.0188679245283
0 0.608823529412 0.806603773585 0.13137254902 0.0251572327044
0 0.730392156863 0.809748427673 0.107843137255 0.0345911949686
0 0.858823529412 0.811320754717 0.133333333333 0.0314465408805
0 0.0941176470588 0.845911949686 0.109803921569 0.0251572327044
0 0.217647058824 0.850628930818 0.101960784314 0.0251572327044
0 0.322549019608 0.849056603774 0.0725490196078 0.0283018867925
0 0.408823529412 0.849842767296 0.0960784313725 0.0235849056604
0 0.480392156863 0.85141509434 0.0392156862745 0.0298742138365
0 0.559803921569 0.848270440252 0.107843137255 0.0204402515723
0 0.667647058824 0.85141509434 0.11568627451 0.0267295597484
0 0.767647058824 0.852987421384 0.0607843137255 0.0204402515723
0 0.852941176471 0.846698113208 0.101960784314 0.0298742138365
0 0.0803921568627 0.874213836478 0.101960784314 0.0377358490566
0 0.145098039216 0.874213836478 0.0196078431373 0.0251572327044
0 0.216666666667 0.875 0.11568627451 0.0204402515723
0 0.124509803922 0.926100628931 0.0607843137255 0.0188679245283
0 0.21568627451 0.927672955975 0.0823529411765 0.0251572327044
0 0.322549019608 0.923742138365 0.11568627451 0.0298742138365
0 0.430392156863 0.930031446541 0.056862745098 0.0267295597484
0 0.516666666667 0.929245283019 0.0647058823529 0.0345911949686
0 0.68137254902 0.924528301887 0.221568627451 0.0377358490566
0 0.859803921569 0.933962264151 0.119607843137 0.0251572327044
0 0.093137254902 0.950471698113 0.13137254902 0.0298742138365
0 0.202941176471 0.957547169811 0.0490196078431 0.0251572327044
0 0.28137254902 0.959119496855 0.0843137254902 0.0220125786164
0 0.359803921569 0.956761006289 0.0647058823529 0.0204402515723
0 0.452941176471 0.956761006289 0.101960784314 0.0298742138365
0 0.601960784314 0.970125786164 0.121568627451 0.0314465408805
0 0.687254901961 0.955974842767 0.0411764705882 0.0283018867925
0 0.766666666667 0.957547169811 0.117647058824 0.0251572327044
0 0.872549019608 0.971698113208 0.101960784314 0.0314465408805
