0 0.481971153846 0.046875 0.867788461538 0.0360576923077
0 0.293269230769 0.078125 0.475961538462 0.03125
0 0.497596153846 0.126201923077 0.836538461538 0.0360576923077
0 0.475961538462 0.163461538462 0.875 0.0288461538462
0 0.485576923077 0.195913461538 0.860576923077 0.0264423076923
0 0.427884615385 0.228365384615 0.75 0.0288461538462
0 0.5 0.272836538462 0.836538461538 0.03125
0 0.487980769231 0.306490384615 0.865384615385 0.03125
0 0.289663461538 0.346153846154 0.483173076923 0.0288461538462
0 0.502403846154 0.382211538462 0.826923076923 0.0336538461538
0 0.485576923077 0.420673076923 0.860576923077 0.0384615384615
0 0.486778846154 0.457932692308 0.858173076923 0.0360576923077
0 0.487980769231 0.490384615385 0.860576923077 0.0192307692308
0 0.484375 0.522836538462 0.867788461538 0.03125
0 0.487980769231 0.561298076923 0.860576923077 0.03125
0 0.483173076923 0.596153846154 0.855769230769 0.0288461538462
0 0.486778846154 0.626201923077 0.858173076923 0.0360576923077
0 0.480769230769 0.662259615385 0.860576923077 0.0264423076923
0 0.483173076923 0.697115384615 0.865384615385 0.0288461538462
0 0.486778846154 0.735576923077 0.862980769231 0.0288461538462
0 0.225961538462 0.764423076923 0.355769230769 0.0240384615385
0 0.506009615385 0.808894230769 0.834134615385 0.0360576923077
0 0.484375 0.848557692308 0.867788461538 0.0336538461538
0 0.486778846154 0.882211538462 0.872596153846 0.0336538461538
0 0.483173076923 0.913461538462 0.865384615385 0.0240384615385
0 0.197115384615 0.948317307692 0.3125 0.0360576923077
