0 0.512019230769 0.0456730769231 0.875 0.0432692307692
0 0.498798076923 0.0829326923077 0.901442307692 0.0408653846154
0 0.495192307692 0.121394230769 0.908653846154 0.03125
0 0.497596153846 0.158653846154 0.899038461538 0.0336538461538
0 0.501201923077 0.194711538462 0.915865384615 0.0288461538462
0 0.212740384615 0.225961538462 0.353365384615 0.0288461538462
0 0.510817307692 0.270432692308 0.872596153846 0.0360576923077
0 0.491586538462 0.304086538462 0.911057692308 0.0360576923077
0 0.490384615385 0.338942307692 0.899038461538 0.0240384615385
0 0.368990384615 0.378605769231 0.665865384615 0.0264423076923
0 0.493990384615 0.439903846154 0.103365384615 0.0288461538462
0 0.490384615385 0.503605769231 0.0865384615385 0.03125
0 0.514423076923 0.568509615385 0.870192307692 0.03125
0 0.490384615385 0.604567307692 0.918269230769 0.0360576923077
0 0.493990384615 0.644230769231 0.911057692308 0.0288461538462
0 0.490384615385 0.676682692308 0.908653846154 0.0264423076923
0 0.492788461538 0.710336538462 0.913461538462 0.0264423076923
0 0.490384615385 0.745192307692 0.913461538462 0.0336538461538
0 0.492788461538 0.784855769231 0.918269230769 0.03125
0 0.491586538462 0.818509615385 0.915865384615 0.03125
0 0.486778846154 0.853365384615 0.920673076923 0.0384615384615
0 0.493990384615 0.893028846154 0.911057692308 0.0264423076923
0 0.490384615385 0.927884615385 0.908653846154 0.0288461538462
0 0.493990384615 0.961538461538 0.90625 0.0288461538462
