0 0.0754527162978 0.0171606864275 0.0985915492958 0.01872074883
0 0.184104627767 0.0171606864275 0.0784708249497 0.0312012480499
0 0.277665995976 0.0171606864275 0.0885311871227 0.0312012480499
0 0.363179074447 0.0171606864275 0.0663983903421 0.0280811232449
0 0.435613682093 0.01872074883 0.0744466800805 0.0249609984399
0 0.52615694165 0.01872074883 0.0623742454728 0.0249609984399
0 0.598591549296 0.01872074883 0.0543259557344 0.0249609984399
0 0.684104627767 0.01872074883 0.0965794768612 0.0280811232449
0 0.760563380282 0.01872074883 0.0321931589537 0.0312012480499
0 0.819919517103 0.01872074883 0.0543259557344 0.0249609984399
0 0.893360160966 0.01872074883 0.0603621730382 0.0343213728549
0 0.64185110664 0.0592823712949 0.0965794768612 0.015600624025
0 0.51509054326 0.0561622464899 0.120724346076 0.01872074883
0 0.402414486922 0.0546021840874 0.0764587525151 0.0280811232449
0 0.299798792757 0.0561622464899 0.10060362173 0.0280811232449
0 0.134808853119 0.0561622464899 0.20523138833 0.0312012480499
0 0.118712273642 0.0967238689548 0.092555331992 0.0218408736349
0 0.187122736419 0.0998439937598 0.0241448692153 0.0312012480499
0 0.244466800805 0.0982839313573 0.0623742454728 0.0280811232449
0 0.306841046278 0.0998439937598 0.0382293762575 0.0249609984399
0 0.379275653924 0.0998439937598 0.0744466800805 0.01872074883
0 0.472837022133 0.0998439937598 0.0804828973843 0.0249609984399
0 0.618712273642 0.0998439937598 0.195171026157 0.0312012480499
0 0.764587525151 0.0998439937598 0.0764587525151 0.0218408736349
0 0.84708249497 0.0982839313573 0.0603621730382 0.0280811232449
0 0.906438631791 0.0998439937598 0.0342052313883 0.0218408736349
0 0.0754527162978 0.138065522621 0.0784708249497 0.0202808112324
0 0.140845070423 0.138065522621 0.0362173038229 0.0202808112324
0 0.208249496982 0.13728549142 0.0784708249497 0.015600624025
0 0.276659959759 0.13728549142 0.0382293762575 0.0249609984399
0 0.357142857143 0.13728549142 0.0784708249497 0.01872074883
0 0.445674044266 0.13728549142 0.0301810865191 0.0218408736349
0 0.538229376258 0.131825273011 0.118712273642 0.0202808112324
0 0.637826961771 0.134945397816 0.0402414486922 0.0234009360374
0 0.701207243461 0.13728549142 0.0623742454728 0.0280811232449
0 0.806841046278 0.140405616225 0.132796780684 0.015600624025
0 0.903420523139 0.13728549142 0.0442655935614 0.01872074883
0 0.0523138832998 0.171606864275 0.0523138832998 0.0218408736349
0 0.128772635815 0.172386895476 0.0764587525151 0.0265210608424
0 0.208249496982 0.17472698908 0.0623742454728 0.0218408736349
0 0.313883299799 0.172386895476 0.132796780684 0.0296411856474
0 0.419517102616 0.177847113885 0.0704225352113 0.0312012480499
0 0.491951710262 0.171606864275 0.0583501006036 0.0280811232449
0 0.608651911469 0.172386895476 0.146881287726 0.0358814352574
0 0.727364185111 0.172386895476 0.0704225352113 0.0265210608424
0 0.84708249497 0.172386895476 0.144869215292 0.0327613104524
0 0.0523138832998 0.206708268331 0.0523138832998 0.0265210608424
0 0.124748490946 0.207488299532 0.056338028169 0.0312012480499
0 0.228370221328 0.203588143526 0.0865191146881 0.0202808112324
0 0.319919517103 0.206708268331 0.0643863179074 0.0202808112324
0 0.386317907445 0.207488299532 0.0362173038229 0.0312012480499
0 0.452716297787 0.210608424337 0.0684104627767 0.0280811232449
0 0.601609657948 0.206708268331 0.185110663984 0.0234009360374
0 0.82092555332 0.210608424337 0.189134808853 0.0249609984399
0 0.0704225352113 0.244149765991 0.0643863179074 0.0265210608424
0 0.154929577465 0.241029641186 0.0845070422535 0.0358814352574
0 0.250503018109 0.244149765991 0.0865191146881 0.0234009360374
0 0.350100603622 0.247269890796 0.0965794768612 0.0171606864275
0 0.482897384306 0.241029641186 0.144869215292 0.0234009360374
0 0.591549295775 0.244149765991 0.0482897384306 0.0234009360374
0 0.678068410463 0.241029641186 0.0804828973843 0.0265210608424
0 0.754527162978 0.244149765991 0.0321931589537 0.0265210608424
0 0.819919517103 0.244929797192 0.0663983903421 0.01872074883
0 0.893360160966 0.241809672387 0.0603621730382 0.0280811232449
0 0.0734406438632 0.278471138846 0.0744466800805 0.0265210608424
0 0.151911468813 0.279251170047 0.0663983903421 0.0280811232449
0 0.240442655936 0.282371294852 0.102615694165 0.0249609984399
0 0.316901408451 0.278471138846 0.0342052313883 0.0265210608424
0 0.426559356137 0.278471138846 0.169014084507 0.0265210608424
0 0.154929577465 0.322932917317 0.173038229376 0.0343213728549
0 0.350100603622 0.326053042122 0.217303822938 0.0280811232449
0 0.512072434608 0.323712948518 0.0865191146881 0.0202808112324
0 0.598591549296 0.323712948518 0.0543259557344 0.0234009360374
0 0.727364185111 0.320592823713 0.162977867203 0.0327613104524
0 0.841046277666 0.322932917317 0.0281690140845 0.0312012480499
0 0.893360160966 0.319812792512 0.056338028169 0.0280811232449
0 0.127766599598 0.364274570983 0.17907444668 0.0234009360374
0 0.286720321932 0.360374414977 0.0945674044266 0.0280811232449
0 0.406438631791 0.361154446178 0.1046277666 0.0265210608424
0 0.528169014085 0.361154446178 0.106639839034 0.0234009360374
0 0.631790744467 0.360374414977 0.0643863179074 0.0312012480499
0 0.711267605634 0.358034321373 0.0663983903421 0.0296411856474
0 0.784708249497 0.363494539782 0.0482897384306 0.0218408736349
0 0.876257545272 0.364274570983 0.0985915492958 0.0234009360374
0 0.876257545272 0.395475819033 0.0905432595573 0.0265210608424
0 0.730382293763 0.397815912637 0.124748490946 0.015600624025
0 0.601609657948 0.395475819033 0.0845070422535 0.0234009360374
0 0.458752515091 0.398595943838 0.128772635815 0.0234009360374
0 0.322937625755 0.398595943838 0.0623742454728 0.0234009360374
0 0.221327967807 0.395475819033 0.0764587525151 0.0296411856474
0 0.0835010060362 0.398595943838 0.118712273642 0.0265210608424
0 0.121730382294 0.432917316693 0.158953722334 0.0234009360374
0 0.250503018109 0.433697347894 0.0663983903421 0.0249609984399
0 0.357142857143 0.432917316693 0.102615694165 0.0234009360374
0 0.435613682093 0.429797191888 0.0422535211268 0.0265210608424
0 0.509054325956 0.433697347894 0.0643863179074 0.0280811232449
0 0.601609657948 0.432917316693 0.0764587525151 0.0296411856474
0 0.691146881288 0.433697347894 0.0704225352113 0.0249609984399
0 0.767605633803 0.432917316693 0.0543259557344 0.0265210608424
0 0.880281690141 0.432917316693 0.0865191146881 0.0296411856474
0 0.0774647887324 0.468018720749 0.106639839034 0.0312012480499
0 0.181086519115 0.467238689548 0.0603621730382 0.0296411856474
0 0.297786720322 0.468018720749 0.148893360161 0.0280811232449
0 0.393360160966 0.468018720749 0.0301810865191 0.0249609984399
0 0.498993963783 0.468018720749 0.148893360161 0.0312012480499
0 0.128772635815 0.508580343214 0.0965794768612 0.0280811232449
0 0.25754527163 0.511700468019 0.124748490946 0.0312012480499
0 0.396378269618 0.511700468019 0.120724346076 0.0343213728549
0 0.503018108652 0.51248049922 0.0764587525151 0.0265210608424
0 0.61569416499 0.511700468019 0.128772635815 0.0249609984399
0 0.728370221328 0.514820592824 0.0845070422535 0.0280811232449
0 0.823943661972 0.514820592824 0.102615694165 0.0249609984399
0 0.140845070423 0.555382215289 0.128772635815 0.0374414976599
0 0.289738430584 0.558502340094 0.124748490946 0.0249609984399
0 0.42555331992 0.559282371295 0.0985915492958 0.0265210608424
0 0.584507042254 0.555382215289 0.130784708249 0.0249609984399
0 0.750503018109 0.558502340094 0.140845070423 0.0218408736349
0 0.883299798793 0.555382215289 0.0965794768612 0.0218408736349
0 0.889336016097 0.59360374415 0.0724346076459 0.0296411856474
0 0.800804828974 0.59360374415 0.0724346076459 0.0202808112324
0 0.70523138833 0.592823712949 0.0985915492958 0.0249609984399
0 0.582494969819 0.590483619345 0.122736418511 0.0234009360374
0 0.502012072435 0.592823712949 0.0221327967807 0.0343213728549
0 0.439637826962 0.59360374415 0.0824949698189 0.0202808112324
0 0.337022132797 0.590483619345 0.0704225352113 0.0234009360374
0 0.247484909457 0.59360374415 0.0643863179074 0.0202808112324
0 0.19416498994 0.599063962559 0.0221327967807 0.0218408736349
0 0.101609657948 0.596723868955 0.134808853119 0.0296411856474
0 0.069416498994 0.628705148206 0.0543259557344 0.0343213728549
0 0.140845070423 0.634945397816 0.0764587525151 0.0280811232449
0 0.224346076459 0.634945397816 0.0744466800805 0.0280811232449
0 0.287726358149 0.63728549142 0.0321931589537 0.0234009360374
0 0.350100603622 0.63104524181 0.0845070422535 0.0327613104524
0 0.445674044266 0.63104524181 0.0824949698189 0.0327613104524
0 0.125754527163 0.707488299532 0.0865191146881 0.0296411856474
0 0.25754527163 0.712948517941 0.156941649899 0.0312012480499
0 0.357142857143 0.709828393136 0.0301810865191 0.0218408736349
0 0.426559356137 0.713728549142 0.0885311871227 0.0265210608424
0 0.536217303823 0.707488299532 0.122736418511 0.0296411856474
0 0.624748490946 0.709828393136 0.0301810865191 0.0343213728549
0 0.750503018109 0.706708268331 0.197183098592 0.0249609984399
0 0.893360160966 0.703588143526 0.056338028169 0.0312012480499
0 0.092555331992 0.747269890796 0.0965794768612 0.0218408736349
0 0.197183098592 0.748049921997 0.0804828973843 0.0234009360374
0 0.277665995976 0.747269890796 0.0402414486922 0.0312012480499
0 0.343058350101 0.744929797192 0.0623742454728 0.0265210608424
0 0.439637826962 0.744929797192 0.0744466800805 0.0202808112324
0 0.498993963783 0.744929797192 0.0281690140845 0.0234009360374
0 0.572434607646 0.748049921997 0.0784708249497 0.0234009360374
0 0.663983903421 0.744929797192 0.056338028169 0.0140405616225
0 0.790744466801 0.747269890796 0.128772635815 0.0218408736349
0 0.902414486922 0.744929797192 0.0503018108652 0.0202808112324
0 0.108651911469 0.781591263651 0.144869215292 0.0343213728549
0 0.300804828974 0.785491419657 0.211267605634 0.0202808112324
0 0.469818913481 0.782371294852 0.0905432595573 0.0202808112324
0 0.562374245473 0.781591263651 0.0503018108652 0.0280811232449
0 0.637826961771 0.782371294852 0.0724346076459 0.0265210608424
0 0.753521126761 0.781591263651 0.138832997988 0.0343213728549
0 0.87323943662 0.784711388456 0.0845070422535 0.0249609984399
0 0.893360160966 0.817472698908 0.0724346076459 0.0249609984399
0 0.806841046278 0.819812792512 0.0684104627767 0.0234009360374
0 0.688128772636 0.820592823713 0.136820925553 0.0312012480499
0 0.535211267606 0.819812792512 0.144869215292 0.0296411856474
0 0.402414486922 0.816692667707 0.0885311871227 0.0296411856474
0 0.267605633803 0.816692667707 0.148893360161 0.0296411856474
0 0.154929577465 0.816692667707 0.0523138832998 0.0202808112324
0 0.0774647887324 0.817472698908 0.0784708249497 0.0249609984399
0 0.0784708249497 0.854914196568 0.108651911469 0.01872074883
0 0.198189134809 0.854134165367 0.0784708249497 0.0171606864275
0 0.313883299799 0.854134165367 0.112676056338 0.0265210608424
0 0.478873239437 0.851794071763 0.136820925553 0.0249609984399
0 0.628772635815 0.854134165367 0.102615694165 0.0327613104524
0 0.737424547284 0.851794071763 0.0583501006036 0.0218408736349
0 0.857142857143 0.858034321373 0.128772635815 0.0218408736349
0 0.860160965795 0.888455538222 0.110663983903 0.0202808112324
0 0.701207243461 0.892355694228 0.122736418511 0.0280811232449
0 0.558350100604 0.892355694228 0.0985915492958 0.0280811232449
0 0.403420523139 0.889235569423 0.138832997988 0.0280811232449
0 0.251509054326 0.889235569423 0.0845070422535 0.0218408736349
0 0.1046277666 0.888455538222 0.128772635815 0.0296411856474
0 0.131790744467 0.930577223089 0.199195171026 0.0327613104524
0 0.266599597586 0.929797191888 0.046277665996 0.01872074883
0 0.356136820926 0.924336973479 0.1046277666 0.0296411856474
0 0.442655935614 0.920436817473 0.0603621730382 0.0249609984399
0 0.558350100604 0.927457098284 0.134808853119 0.0296411856474
0 0.681086519115 0.926677067083 0.0865191146881 0.0249609984399
0 0.786720321932 0.929797191888 0.0885311871227 0.0280811232449
0 0.876257545272 0.927457098284 0.0704225352113 0.0327613104524
0 0.108651911469 0.964898595944 0.15291750503 0.0358814352574
0 0.221327967807 0.964898595944 0.0643863179074 0.0296411856474
0 0.274647887324 0.967238689548 0.0301810865191 0.0280811232449
0 0.330985915493 0.964898595944 0.0583501006036 0.0327613104524
0 0.43661971831 0.964118564743 0.15291750503 0.0280811232449
