0 0.246394230769 0.0252403846154 0.367788461538 0.0408653846154
0 0.294471153846 0.0709134615385 0.444711538462 0.03125
0 0.498798076923 0.120192307692 0.882211538462 0.0240384615385
0 0.289663461538 0.159855769231 0.540865384615 0.0360576923077
0 0.256009615385 0.197115384615 0.387019230769 0.0336538461538
0 0.510817307692 0.241586538462 0.896634615385 0.0408653846154
0 0.492788461538 0.282451923077 0.932692307692 0.0360576923077
0 0.490384615385 0.317307692308 0.923076923077 0.0336538461538
0 0.477163461538 0.349759615385 0.944711538462 0.03125
0 0.479567307692 0.384615384615 0.949519230769 0.0432692307692
0 0.217548076923 0.426682692308 0.396634615385 0.0264423076923
0 0.518028846154 0.463942307692 0.901442307692 0.0480769230769
0 0.490384615385 0.506009615385 0.951923076923 0.0360576923077
0 0.486778846154 0.537259615385 0.939903846154 0.0264423076923
0 0.491586538462 0.572115384615 0.925480769231 0.0480769230769
0 0.486778846154 0.612980769231 0.911057692308 0.0288461538462
0 0.475961538462 0.647836538462 0.927884615385 0.0408653846154
0 0.215144230769 0.677884615385 0.40625 0.0240384615385
0 0.510817307692 0.757211538462 0.90625 0.0432692307692
0 0.493990384615 0.801682692308 0.939903846154 0.0408653846154
0 0.492788461538 0.837740384615 0.9375 0.0360576923077
0 0.491586538462 0.867788461538 0.944711538462 0.0288461538462
0 0.487980769231 0.905048076923 0.9375 0.0408653846154
0 0.481971153846 0.944711538462 0.944711538462 0.0384615384615
