0 0.487980769231 0.0300480769231 0.942307692308 0.03125
0 0.362980769231 0.0661057692308 0.697115384615 0.0360576923077
0 0.460336538462 0.115384615385 0.829326923077 0.0288461538462
0 0.513221153846 0.162259615385 0.911057692308 0.0264423076923
0 0.489182692308 0.192307692308 0.959134615385 0.0336538461538
0 0.408653846154 0.224759615385 0.798076923077 0.0360576923077
0 0.512019230769 0.275240384615 0.899038461538 0.0408653846154
0 0.332932692308 0.313701923077 0.65625 0.0264423076923
0 0.516826923077 0.355769230769 0.903846153846 0.0432692307692
0 0.180288461538 0.394230769231 0.350961538462 0.0288461538462
0 0.501201923077 0.436298076923 0.90625 0.03125
0 0.485576923077 0.469951923077 0.9375 0.0360576923077
0 0.252403846154 0.506009615385 0.471153846154 0.0408653846154
0 0.502403846154 0.587740384615 0.903846153846 0.0360576923077
0 0.478365384615 0.621394230769 0.947115384615 0.03125
0 0.478365384615 0.655048076923 0.947115384615 0.03125
0 0.485576923077 0.694711538462 0.9375 0.0432692307692
0 0.487980769231 0.729567307692 0.947115384615 0.03125
0 0.479567307692 0.766826923077 0.959134615385 0.0384615384615
0 0.475961538462 0.802884615385 0.951923076923 0.0384615384615
0 0.480769230769 0.844951923077 0.9375 0.0408653846154
0 0.280048076923 0.876201923077 0.536057692308 0.0216346153846
0 0.515625 0.913461538462 0.944711538462 0.0336538461538
0 0.490384615385 0.959134615385 0.951923076923 0.0528846153846
