0 0.493990384615 0.0348557692308 0.891826923077 0.0408653846154
0 0.306490384615 0.0709134615385 0.521634615385 0.0360576923077
0 0.512019230769 0.115384615385 0.875 0.0336538461538
0 0.5 0.151442307692 0.899038461538 0.0384615384615
0 0.491586538462 0.191105769231 0.887019230769 0.0360576923077
0 0.491586538462 0.225961538462 0.887019230769 0.0336538461538
0 0.498798076923 0.257211538462 0.896634615385 0.0336538461538
0 0.502403846154 0.290865384615 0.894230769231 0.0336538461538
0 0.501201923077 0.330528846154 0.891826923077 0.0408653846154
0 0.501201923077 0.366586538462 0.891826923077 0.0360576923077
0 0.495192307692 0.402644230769 0.884615384615 0.0360576923077
0 0.497596153846 0.439903846154 0.879807692308 0.0336538461538
0 0.5 0.472355769231 0.884615384615 0.03125
0 0.504807692308 0.507211538462 0.879807692308 0.0384615384615
0 0.504807692308 0.539663461538 0.879807692308 0.03125
0 0.492788461538 0.573317307692 0.899038461538 0.0360576923077
0 0.498798076923 0.615384615385 0.911057692308 0.0432692307692
0 0.506009615385 0.651442307692 0.896634615385 0.0336538461538
0 0.300480769231 0.689903846154 0.485576923077 0.0384615384615
0 0.518028846154 0.730769230769 0.862980769231 0.0384615384615
0 0.491586538462 0.768028846154 0.911057692308 0.03125
0 0.5 0.802884615385 0.927884615385 0.0384615384615
0 0.340144230769 0.836538461538 0.608173076923 0.0240384615385
0 0.524038461538 0.882211538462 0.894230769231 0.0192307692308
0 0.507211538462 0.913461538462 0.927884615385 0.0480769230769
0 0.491586538462 0.957932692308 0.891826923077 0.0360576923077
