0 0.491586538462 0.0444711538462 0.911057692308 0.0456730769231
0 0.491586538462 0.0829326923077 0.911057692308 0.03125
0 0.078125 0.115384615385 0.0889423076923 0.0336538461538
0 0.508413461538 0.162259615385 0.872596153846 0.0408653846154
0 0.491586538462 0.195913461538 0.911057692308 0.03125
0 0.490384615385 0.229567307692 0.908653846154 0.0360576923077
0 0.491586538462 0.268028846154 0.911057692308 0.0360576923077
0 0.362980769231 0.304086538462 0.653846153846 0.0360576923077
0 0.514423076923 0.340144230769 0.865384615385 0.0360576923077
0 0.491586538462 0.379807692308 0.911057692308 0.0384615384615
0 0.420673076923 0.413461538462 0.774038461538 0.0336538461538
0 0.513221153846 0.456730769231 0.867788461538 0.0384615384615
0 0.491586538462 0.490384615385 0.90625 0.0288461538462
0 0.491586538462 0.524038461538 0.90625 0.0432692307692
0 0.491586538462 0.563701923077 0.911057692308 0.03125
0 0.0877403846154 0.594951923077 0.103365384615 0.03125
0 0.510817307692 0.631009615385 0.858173076923 0.0408653846154
0 0.486778846154 0.674278846154 0.90625 0.0456730769231
0 0.442307692308 0.710336538462 0.817307692308 0.03125
0 0.502403846154 0.752403846154 0.846153846154 0.0288461538462
0 0.509615384615 0.793269230769 0.865384615385 0.0288461538462
0 0.491586538462 0.824519230769 0.925480769231 0.0336538461538
0 0.490384615385 0.862980769231 0.923076923077 0.0384615384615
0 0.490384615385 0.896634615385 0.927884615385 0.0288461538462
0 0.491586538462 0.929086538462 0.920673076923 0.0408653846154
0 0.282451923077 0.969951923077 0.497596153846 0.0408653846154
