0 0.5 0.0408653846154 0.899038461538 0.0432692307692
0 0.340144230769 0.0817307692308 0.65625 0.0528846153846
0 0.270432692308 0.139423076923 0.334134615385 0.0384615384615
0 0.324519230769 0.176682692308 0.447115384615 0.0408653846154
0 0.503605769231 0.237980769231 0.877403846154 0.0432692307692
0 0.304086538462 0.277644230769 0.584134615385 0.0504807692308
0 0.498798076923 0.352163461538 0.896634615385 0.03125
0 0.479567307692 0.385817307692 0.935096153846 0.03125
0 0.474759615385 0.423076923077 0.939903846154 0.0336538461538
0 0.478365384615 0.459134615385 0.947115384615 0.0384615384615
0 0.478365384615 0.491586538462 0.947115384615 0.03125
0 0.479567307692 0.532451923077 0.949519230769 0.0456730769231
0 0.478365384615 0.572115384615 0.951923076923 0.0384615384615
0 0.478365384615 0.609375 0.951923076923 0.03125
0 0.479567307692 0.643028846154 0.949519230769 0.03125
0 0.479567307692 0.677884615385 0.949519230769 0.0384615384615
0 0.486778846154 0.712740384615 0.939903846154 0.0360576923077
0 0.487980769231 0.748798076923 0.942307692308 0.03125
0 0.487980769231 0.786057692308 0.942307692308 0.0384615384615
0 0.486778846154 0.818509615385 0.939903846154 0.03125
0 0.484375 0.853365384615 0.944711538462 0.0384615384615
0 0.483173076923 0.891826923077 0.942307692308 0.0336538461538
0 0.481971153846 0.923076923077 0.944711538462 0.0288461538462
0 0.480769230769 0.957932692308 0.9375 0.0408653846154
