0 0.490384615385 0.0288461538462 0.913461538462 0.0336538461538
0 0.491586538462 0.0612980769231 0.915865384615 0.0360576923077
0 0.153846153846 0.0973557692308 0.240384615385 0.0360576923077
0 0.507211538462 0.141826923077 0.875 0.0432692307692
0 0.490384615385 0.180288461538 0.913461538462 0.0384615384615
0 0.492788461538 0.219951923077 0.923076923077 0.0360576923077
0 0.492788461538 0.253605769231 0.923076923077 0.03125
0 0.490384615385 0.288461538462 0.918269230769 0.0432692307692
0 0.209134615385 0.320913461538 0.360576923077 0.03125
0 0.506009615385 0.364182692308 0.867788461538 0.03125
0 0.490384615385 0.396634615385 0.903846153846 0.0384615384615
0 0.489182692308 0.436298076923 0.901442307692 0.0360576923077
0 0.490384615385 0.473557692308 0.899038461538 0.0336538461538
0 0.507211538462 0.514423076923 0.855769230769 0.0432692307692
0 0.490384615385 0.549278846154 0.899038461538 0.0216346153846
0 0.491586538462 0.585336538462 0.911057692308 0.0408653846154
0 0.491586538462 0.616586538462 0.911057692308 0.0264423076923
0 0.491586538462 0.651442307692 0.911057692308 0.0432692307692
0 0.491586538462 0.689903846154 0.911057692308 0.0336538461538
0 0.493990384615 0.722355769231 0.920673076923 0.03125
0 0.5 0.753605769231 0.913461538462 0.03125
0 0.259615384615 0.787259615385 0.432692307692 0.0360576923077
0 0.512019230769 0.834134615385 0.860576923077 0.0336538461538
0 0.487980769231 0.870192307692 0.908653846154 0.0288461538462
0 0.487980769231 0.908653846154 0.908653846154 0.0432692307692
0 0.131009615385 0.944711538462 0.199519230769 0.0336538461538
