0 0.5 0.0396634615385 0.865384615385 0.0408653846154
0 0.481971153846 0.0769230769231 0.896634615385 0.0336538461538
0 0.481971153846 0.109375 0.896634615385 0.03125
0 0.481971153846 0.143028846154 0.896634615385 0.0360576923077
0 0.480769230769 0.179086538462 0.899038461538 0.0360576923077
0 0.480769230769 0.209134615385 0.899038461538 0.0288461538462
0 0.481971153846 0.243990384615 0.896634615385 0.0408653846154
0 0.480769230769 0.276442307692 0.899038461538 0.0240384615385
0 0.481971153846 0.311298076923 0.901442307692 0.0408653846154
0 0.481971153846 0.349759615385 0.901442307692 0.03125
0 0.480769230769 0.381009615385 0.899038461538 0.03125
0 0.477163461538 0.414663461538 0.90625 0.0408653846154
0 0.475961538462 0.445913461538 0.903846153846 0.0216346153846
0 0.484375 0.474759615385 0.90625 0.0360576923077
0 0.484375 0.512019230769 0.90625 0.0432692307692
0 0.490384615385 0.551682692308 0.894230769231 0.03125
0 0.491586538462 0.581730769231 0.887019230769 0.0288461538462
0 0.489182692308 0.615384615385 0.896634615385 0.0384615384615
0 0.490384615385 0.647836538462 0.903846153846 0.0264423076923
0 0.485576923077 0.679086538462 0.913461538462 0.0408653846154
0 0.483173076923 0.715144230769 0.913461538462 0.03125
0 0.271634615385 0.748798076923 0.466346153846 0.03125
0 0.506009615385 0.788461538462 0.862980769231 0.0336538461538
0 0.486778846154 0.822115384615 0.901442307692 0.0336538461538
0 0.0829326923077 0.854567307692 0.09375 0.03125
0 0.502403846154 0.896634615385 0.870192307692 0.0336538461538
0 0.487980769231 0.936298076923 0.889423076923 0.03125
