0 0.481971153846 0.0348557692308 0.882211538462 0.0408653846154
0 0.485576923077 0.0757211538462 0.875 0.0360576923077
0 0.193509615385 0.105769230769 0.295673076923 0.0288461538462
0 0.507211538462 0.146634615385 0.822115384615 0.0336538461538
0 0.480769230769 0.180288461538 0.875 0.0384615384615
0 0.483173076923 0.221153846154 0.879807692308 0.0384615384615
0 0.483173076923 0.256009615385 0.879807692308 0.03125
0 0.478365384615 0.287259615385 0.870192307692 0.0360576923077
0 0.147836538462 0.320913461538 0.204326923077 0.0216346153846
0 0.5 0.358173076923 0.822115384615 0.0384615384615
0 0.477163461538 0.396634615385 0.867788461538 0.0432692307692
0 0.492788461538 0.436298076923 0.899038461538 0.03125
0 0.490384615385 0.469951923077 0.903846153846 0.03125
0 0.475961538462 0.501201923077 0.875 0.03125
0 0.477163461538 0.533653846154 0.872596153846 0.0336538461538
0 0.456730769231 0.569711538462 0.826923076923 0.0384615384615
0 0.507211538462 0.604567307692 0.831730769231 0.03125
0 0.480769230769 0.644230769231 0.884615384615 0.0432692307692
0 0.496394230769 0.681490384615 0.915865384615 0.0360576923077
0 0.501201923077 0.719951923077 0.90625 0.0360576923077
0 0.487980769231 0.752403846154 0.879807692308 0.0288461538462
0 0.487980769231 0.784855769231 0.879807692308 0.0360576923077
0 0.358173076923 0.818509615385 0.620192307692 0.03125
0 0.502403846154 0.862980769231 0.846153846154 0.0240384615385
0 0.355769230769 0.891826923077 0.600961538462 0.0336538461538
