0 0.506009615385 0.046875 0.887019230769 0.03125
0 0.490384615385 0.078125 0.918269230769 0.03125
0 0.489182692308 0.114182692308 0.911057692308 0.0360576923077
0 0.116586538462 0.147836538462 0.170673076923 0.03125
0 0.507211538462 0.192307692308 0.889423076923 0.0336538461538
0 0.485576923077 0.228365384615 0.927884615385 0.0432692307692
0 0.487980769231 0.266826923077 0.932692307692 0.0288461538462
0 0.492788461538 0.296875 0.918269230769 0.03125
0 0.490384615385 0.334134615385 0.908653846154 0.0432692307692
0 0.491586538462 0.367788461538 0.915865384615 0.0288461538462
0 0.490384615385 0.402644230769 0.913461538462 0.0408653846154
0 0.223557692308 0.442307692308 0.379807692308 0.0384615384615
0 0.507211538462 0.477163461538 0.884615384615 0.0408653846154
0 0.491586538462 0.510817307692 0.920673076923 0.0264423076923
0 0.491586538462 0.549278846154 0.925480769231 0.0456730769231
0 0.491586538462 0.586538461538 0.925480769231 0.0336538461538
0 0.495192307692 0.621394230769 0.927884615385 0.0360576923077
0 0.492788461538 0.659855769231 0.932692307692 0.0360576923077
0 0.487980769231 0.693509615385 0.918269230769 0.0360576923077
0 0.491586538462 0.728365384615 0.911057692308 0.0336538461538
0 0.191105769231 0.757211538462 0.305288461538 0.0240384615385
0 0.503605769231 0.806490384615 0.877403846154 0.0264423076923
0 0.491586538462 0.842548076923 0.901442307692 0.0360576923077
0 0.493990384615 0.879807692308 0.911057692308 0.0336538461538
0 0.490384615385 0.911057692308 0.923076923077 0.0288461538462
0 0.489182692308 0.943509615385 0.920673076923 0.0408653846154
