0 0.486778846154 0.0360576923077 0.920673076923 0.0240384615385
0 0.485576923077 0.0673076923077 0.923076923077 0.0384615384615
0 0.486778846154 0.108173076923 0.925480769231 0.0432692307692
0 0.402644230769 0.141826923077 0.757211538462 0.0336538461538
0 0.323317307692 0.182692307692 0.516826923077 0.0384615384615
0 0.501201923077 0.265625 0.90625 0.03125
0 0.496394230769 0.298076923077 0.915865384615 0.0336538461538
0 0.489182692308 0.334134615385 0.896634615385 0.0384615384615
0 0.721153846154 0.367788461538 0.432692307692 0.0336538461538
0 0.504807692308 0.408653846154 0.875 0.0336538461538
0 0.481971153846 0.443509615385 0.930288461538 0.0456730769231
0 0.479567307692 0.486778846154 0.925480769231 0.0360576923077
0 0.485576923077 0.521634615385 0.923076923077 0.0384615384615
0 0.483173076923 0.552884615385 0.918269230769 0.0240384615385
0 0.477163461538 0.585336538462 0.930288461538 0.0360576923077
0 0.475961538462 0.620192307692 0.923076923077 0.0384615384615
0 0.475961538462 0.662259615385 0.918269230769 0.0408653846154
0 0.475961538462 0.693509615385 0.918269230769 0.0216346153846
0 0.480769230769 0.721153846154 0.913461538462 0.0336538461538
0 0.475961538462 0.756009615385 0.899038461538 0.0360576923077
0 0.473557692308 0.789663461538 0.903846153846 0.0360576923077
0 0.474759615385 0.830528846154 0.911057692308 0.0456730769231
0 0.480769230769 0.866586538462 0.899038461538 0.03125
0 0.490384615385 0.896634615385 0.918269230769 0.0288461538462
0 0.486778846154 0.927884615385 0.925480769231 0.0336538461538
