0 0.474759615385 0.0552884615385 0.896634615385 0.0288461538462
0 0.475961538462 0.0829326923077 0.894230769231 0.03125
0 0.475961538462 0.115384615385 0.894230769231 0.0336538461538
0 0.474759615385 0.149038461538 0.896634615385 0.0336538461538
0 0.489182692308 0.194711538462 0.867788461538 0.0432692307692
0 0.471153846154 0.230769230769 0.903846153846 0.0336538461538
0 0.467548076923 0.269230769231 0.896634615385 0.0384615384615
0 0.466346153846 0.302884615385 0.899038461538 0.0288461538462
0 0.472355769231 0.334134615385 0.911057692308 0.0336538461538
0 0.467548076923 0.367788461538 0.915865384615 0.0384615384615
0 0.490384615385 0.433894230769 0.850961538462 0.0504807692308
0 0.474759615385 0.479567307692 0.896634615385 0.0360576923077
0 0.460336538462 0.515625 0.867788461538 0.03125
0 0.462740384615 0.552884615385 0.90625 0.0192307692308
0 0.467548076923 0.584134615385 0.901442307692 0.0288461538462
0 0.0673076923077 0.615384615385 0.0673076923077 0.0240384615385
0 0.501201923077 0.651442307692 0.858173076923 0.0336538461538
0 0.469951923077 0.689903846154 0.920673076923 0.0384615384615
0 0.461538461538 0.724759615385 0.908653846154 0.0360576923077
0 0.466346153846 0.759615384615 0.927884615385 0.0336538461538
0 0.288461538462 0.795673076923 0.567307692308 0.0384615384615
0 0.40625 0.835336538462 0.697115384615 0.0360576923077
0 0.493990384615 0.882211538462 0.887019230769 0.0288461538462
0 0.474759615385 0.914663461538 0.925480769231 0.0408653846154
0 0.475961538462 0.959134615385 0.927884615385 0.0432692307692
