0 0.490384615385 0.0360576923077 0.903846153846 0.0336538461538
0 0.491586538462 0.0721153846154 0.901442307692 0.0288461538462
0 0.491586538462 0.111778846154 0.901442307692 0.0360576923077
0 0.491586538462 0.146634615385 0.90625 0.0288461538462
0 0.162259615385 0.179086538462 0.228365384615 0.0360576923077
0 0.506009615385 0.225961538462 0.858173076923 0.0336538461538
0 0.490384615385 0.258413461538 0.899038461538 0.03125
0 0.248798076923 0.292067307692 0.401442307692 0.0360576923077
0 0.510817307692 0.335336538462 0.858173076923 0.0360576923077
0 0.489182692308 0.371394230769 0.896634615385 0.03125
0 0.459134615385 0.409855769231 0.831730769231 0.0264423076923
0 0.140625 0.455528846154 0.117788461538 0.03125
0 0.165865384615 0.496394230769 0.177884615385 0.03125
0 0.507211538462 0.539663461538 0.855769230769 0.03125
0 0.490384615385 0.573317307692 0.899038461538 0.0264423076923
0 0.379807692308 0.612980769231 0.677884615385 0.0288461538462
0 0.432692307692 0.655048076923 0.697115384615 0.0408653846154
0 0.508413461538 0.698317307692 0.853365384615 0.0360576923077
0 0.492788461538 0.736778846154 0.894230769231 0.0360576923077
0 0.485576923077 0.766826923077 0.913461538462 0.0336538461538
0 0.286057692308 0.802884615385 0.490384615385 0.0288461538462
0 0.508413461538 0.849759615385 0.862980769231 0.03125
0 0.491586538462 0.884615384615 0.887019230769 0.0288461538462
0 0.492788461538 0.920673076923 0.889423076923 0.0192307692308
0 0.224759615385 0.957932692308 0.367788461538 0.0264423076923
