0 0.512019230769 0.0516826923077 0.875 0.03125
0 0.496394230769 0.0877403846154 0.90625 0.03125
0 0.498798076923 0.117788461538 0.915865384615 0.0240384615385
0 0.496394230769 0.152644230769 0.90625 0.03125
0 0.295673076923 0.186298076923 0.509615384615 0.03125
0 0.519230769231 0.260817307692 0.879807692308 0.03125
0 0.497596153846 0.298076923077 0.913461538462 0.0288461538462
0 0.497596153846 0.335336538462 0.913461538462 0.03125
0 0.498798076923 0.365384615385 0.915865384615 0.0288461538462
0 0.213942307692 0.397836538462 0.360576923077 0.0264423076923
0 0.514423076923 0.442307692308 0.879807692308 0.0336538461538
0 0.378605769231 0.475961538462 0.661057692308 0.0384615384615
0 0.507211538462 0.521634615385 0.889423076923 0.0384615384615
0 0.498798076923 0.551682692308 0.911057692308 0.03125
0 0.497596153846 0.586538461538 0.913461538462 0.0288461538462
0 0.496394230769 0.620192307692 0.920673076923 0.0336538461538
0 0.495192307692 0.657451923077 0.918269230769 0.0264423076923
0 0.493990384615 0.686298076923 0.920673076923 0.03125
0 0.311298076923 0.721153846154 0.536057692308 0.0240384615385
0 0.516826923077 0.759615384615 0.875 0.0336538461538
0 0.144230769231 0.793269230769 0.216346153846 0.0288461538462
0 0.516826923077 0.838942307692 0.875 0.0336538461538
0 0.271634615385 0.876201923077 0.456730769231 0.0264423076923
0 0.518028846154 0.914663461538 0.872596153846 0.0264423076923
0 0.498798076923 0.949519230769 0.915865384615 0.0288461538462
