0 0.493990384615 0.0300480769231 0.925480769231 0.0360576923077
0 0.491586538462 0.0612980769231 0.930288461538 0.03125
0 0.490384615385 0.0973557692308 0.927884615385 0.0408653846154
0 0.493990384615 0.135817307692 0.920673076923 0.0360576923077
0 0.149038461538 0.174278846154 0.230769230769 0.0360576923077
0 0.507211538462 0.222355769231 0.889423076923 0.0408653846154
0 0.487980769231 0.256009615385 0.932692307692 0.0264423076923
0 0.442307692308 0.289663461538 0.841346153846 0.0456730769231
0 0.522836538462 0.334134615385 0.896634615385 0.0384615384615
0 0.497596153846 0.371394230769 0.947115384615 0.0360576923077
0 0.487980769231 0.413461538462 0.923076923077 0.0432692307692
0 0.490384615385 0.449519230769 0.913461538462 0.0336538461538
0 0.492788461538 0.480769230769 0.918269230769 0.0336538461538
0 0.489182692308 0.521634615385 0.930288461538 0.0480769230769
0 0.496394230769 0.564903846154 0.944711538462 0.0336538461538
0 0.475961538462 0.599759615385 0.918269230769 0.0456730769231
0 0.491586538462 0.641826923077 0.944711538462 0.0336538461538
0 0.330528846154 0.676682692308 0.612980769231 0.0360576923077
0 0.506009615385 0.757211538462 0.882211538462 0.0480769230769
0 0.490384615385 0.798076923077 0.918269230769 0.0336538461538
0 0.495192307692 0.834134615385 0.9375 0.0192307692308
0 0.492788461538 0.862980769231 0.942307692308 0.0384615384615
0 0.264423076923 0.902644230769 0.480769230769 0.0456730769231
0 0.365384615385 0.945913461538 0.615384615385 0.0360576923077
