0 0.498798076923 0.0348557692308 0.896634615385 0.03125
0 0.408653846154 0.078125 0.745192307692 0.0264423076923
0 0.355769230769 0.116586538462 0.548076923077 0.0408653846154
0 0.5 0.164663461538 0.850961538462 0.0360576923077
0 0.484375 0.201923076923 0.882211538462 0.0384615384615
0 0.395432692308 0.237980769231 0.699519230769 0.0336538461538
0 0.504807692308 0.275240384615 0.831730769231 0.0360576923077
0 0.213942307692 0.314903846154 0.341346153846 0.0336538461538
0 0.507211538462 0.355769230769 0.831730769231 0.0288461538462
0 0.478365384615 0.396634615385 0.889423076923 0.0480769230769
0 0.0865384615385 0.429086538462 0.100961538462 0.0168269230769
0 0.480769230769 0.469951923077 0.798076923077 0.03125
0 0.502403846154 0.515625 0.860576923077 0.03125
0 0.484375 0.550480769231 0.896634615385 0.0384615384615
0 0.212740384615 0.584134615385 0.353365384615 0.0288461538462
0 0.334134615385 0.620192307692 0.461538461538 0.0288461538462
0 0.289663461538 0.662259615385 0.401442307692 0.0264423076923
0 0.5 0.709134615385 0.836538461538 0.0336538461538
0 0.489182692308 0.746394230769 0.882211538462 0.0408653846154
0 0.485576923077 0.782451923077 0.875 0.0264423076923
0 0.478365384615 0.817307692308 0.884615384615 0.0432692307692
0 0.385817307692 0.861778846154 0.699519230769 0.0456730769231
0 0.442307692308 0.897836538462 0.774038461538 0.0360576923077
