0 0.507211538462 0.0552884615385 0.894230769231 0.0384615384615
0 0.490384615385 0.0877403846154 0.927884615385 0.0264423076923
0 0.487980769231 0.121394230769 0.923076923077 0.0456730769231
0 0.481971153846 0.164663461538 0.930288461538 0.0408653846154
0 0.493990384615 0.199519230769 0.959134615385 0.0288461538462
0 0.492788461538 0.236778846154 0.961538461538 0.0408653846154
0 0.209134615385 0.271634615385 0.394230769231 0.0336538461538
0 0.506009615385 0.317307692308 0.896634615385 0.0384615384615
0 0.483173076923 0.350961538462 0.942307692308 0.0336538461538
0 0.316105769231 0.385817307692 0.603365384615 0.0360576923077
0 0.277644230769 0.439903846154 0.40625 0.0288461538462
0 0.507211538462 0.480769230769 0.903846153846 0.0336538461538
0 0.486778846154 0.518028846154 0.949519230769 0.0360576923077
0 0.487980769231 0.554086538462 0.951923076923 0.0408653846154
0 0.487980769231 0.592548076923 0.947115384615 0.03125
0 0.491586538462 0.628605769231 0.959134615385 0.0360576923077
0 0.490384615385 0.663461538462 0.966346153846 0.0384615384615
0 0.485576923077 0.697115384615 0.951923076923 0.0336538461538
0 0.491586538462 0.735576923077 0.935096153846 0.0384615384615
0 0.152644230769 0.770432692308 0.257211538462 0.03125
0 0.507211538462 0.813701923077 0.908653846154 0.0408653846154
0 0.491586538462 0.849759615385 0.944711538462 0.0360576923077
0 0.490384615385 0.885817307692 0.947115384615 0.0360576923077
0 0.490384615385 0.921875 0.947115384615 0.03125
0 0.487980769231 0.960336538462 0.9375 0.0504807692308
