0 0.481971153846 0.0552884615385 0.915865384615 0.0336538461538
0 0.227163461538 0.0973557692308 0.420673076923 0.0360576923077
0 0.506009615385 0.137019230769 0.872596153846 0.0384615384615
0 0.478365384615 0.174278846154 0.923076923077 0.03125
0 0.478365384615 0.207932692308 0.923076923077 0.0360576923077
0 0.133413461538 0.239182692308 0.247596153846 0.0264423076923
0 0.506009615385 0.288461538462 0.872596153846 0.0336538461538
0 0.480769230769 0.318509615385 0.923076923077 0.0264423076923
0 0.229567307692 0.352163461538 0.420673076923 0.0456730769231
0 0.501201923077 0.436298076923 0.896634615385 0.03125
0 0.485576923077 0.471153846154 0.927884615385 0.0336538461538
0 0.167067307692 0.504807692308 0.295673076923 0.0336538461538
0 0.521634615385 0.548076923077 0.855769230769 0.0336538461538
0 0.490384615385 0.585336538462 0.913461538462 0.0408653846154
0 0.490384615385 0.618990384615 0.908653846154 0.03125
0 0.490384615385 0.650240384615 0.908653846154 0.03125
0 0.0949519230769 0.677884615385 0.117788461538 0.0240384615385
0 0.507211538462 0.724759615385 0.884615384615 0.0360576923077
0 0.487980769231 0.760817307692 0.927884615385 0.0360576923077
0 0.487980769231 0.798076923077 0.927884615385 0.0336538461538
0 0.489182692308 0.835336538462 0.925480769231 0.0456730769231
0 0.194711538462 0.911057692308 0.274038461538 0.0384615384615
