0 0.507211538462 0.0360576923077 0.875 0.0384615384615
0 0.489182692308 0.0757211538462 0.911057692308 0.0360576923077
0 0.490384615385 0.112980769231 0.918269230769 0.0384615384615
0 0.491586538462 0.147836538462 0.920673076923 0.03125
0 0.489182692308 0.179086538462 0.915865384615 0.0360576923077
0 0.489182692308 0.212740384615 0.915865384615 0.03125
0 0.491586538462 0.248798076923 0.925480769231 0.0360576923077
0 0.491586538462 0.284855769231 0.925480769231 0.03125
0 0.495192307692 0.319711538462 0.927884615385 0.0384615384615
0 0.492788461538 0.354567307692 0.932692307692 0.0360576923077
0 0.403846153846 0.399038461538 0.682692307692 0.0432692307692
0 0.442307692308 0.475961538462 0.759615384615 0.0336538461538
0 0.515625 0.521634615385 0.882211538462 0.0288461538462
0 0.493990384615 0.552884615385 0.920673076923 0.0336538461538
0 0.498798076923 0.587740384615 0.930288461538 0.0360576923077
0 0.5 0.623798076923 0.927884615385 0.03125
0 0.496394230769 0.657451923077 0.920673076923 0.03125
0 0.336538461538 0.691105769231 0.610576923077 0.0408653846154
0 0.512019230769 0.735576923077 0.884615384615 0.0240384615385
0 0.492788461538 0.766826923077 0.918269230769 0.0384615384615
0 0.497596153846 0.802884615385 0.927884615385 0.0384615384615
0 0.495192307692 0.842548076923 0.923076923077 0.0360576923077
0 0.491586538462 0.877403846154 0.915865384615 0.0288461538462
0 0.493990384615 0.909855769231 0.911057692308 0.0360576923077
0 0.498798076923 0.943509615385 0.915865384615 0.0360576923077
