0 0.502403846154 0.0360576923077 0.942307692308 0.0384615384615
0 0.502403846154 0.0721153846154 0.942307692308 0.0336538461538
0 0.502403846154 0.110576923077 0.942307692308 0.0384615384615
0 0.502403846154 0.145432692308 0.942307692308 0.03125
0 0.502403846154 0.181490384615 0.942307692308 0.0456730769231
0 0.502403846154 0.221153846154 0.942307692308 0.0288461538462
0 0.502403846154 0.253605769231 0.942307692308 0.0360576923077
0 0.502403846154 0.287259615385 0.942307692308 0.0360576923077
0 0.503605769231 0.322115384615 0.944711538462 0.0336538461538
0 0.501201923077 0.355769230769 0.944711538462 0.0336538461538
0 0.498798076923 0.395432692308 0.944711538462 0.0408653846154
0 0.501201923077 0.427884615385 0.939903846154 0.0288461538462
0 0.128605769231 0.460336538462 0.194711538462 0.0360576923077
0 0.524038461538 0.507211538462 0.899038461538 0.0336538461538
0 0.506009615385 0.543269230769 0.939903846154 0.0384615384615
0 0.507211538462 0.582932692308 0.942307692308 0.0360576923077
0 0.506009615385 0.615384615385 0.944711538462 0.0336538461538
0 0.504807692308 0.649038461538 0.942307692308 0.0336538461538
0 0.503605769231 0.682692307692 0.944711538462 0.0336538461538
0 0.503605769231 0.717548076923 0.944711538462 0.03125
0 0.503605769231 0.752403846154 0.944711538462 0.0336538461538
0 0.503605769231 0.787259615385 0.944711538462 0.0408653846154
0 0.501201923077 0.824519230769 0.944711538462 0.0336538461538
0 0.501201923077 0.862980769231 0.944711538462 0.0384615384615
0 0.501201923077 0.896634615385 0.944711538462 0.0288461538462
0 0.504807692308 0.929086538462 0.951923076923 0.0408653846154
0 0.503605769231 0.971153846154 0.954326923077 0.0384615384615
