0 0.502403846154 0.0444711538462 0.932692307692 0.0456730769231
0 0.502403846154 0.0829326923077 0.932692307692 0.03125
0 0.502403846154 0.116586538462 0.932692307692 0.0360576923077
0 0.501201923077 0.150240384615 0.935096153846 0.03125
0 0.319711538462 0.182692307692 0.576923076923 0.0336538461538
0 0.525240384615 0.225961538462 0.891826923077 0.0384615384615
0 0.504807692308 0.262019230769 0.9375 0.0336538461538
0 0.506009615385 0.299278846154 0.939903846154 0.0360576923077
0 0.504807692308 0.332932692308 0.942307692308 0.03125
0 0.504807692308 0.365384615385 0.942307692308 0.0384615384615
0 0.503605769231 0.401442307692 0.944711538462 0.0336538461538
0 0.504807692308 0.432692307692 0.947115384615 0.0288461538462
0 0.504807692308 0.469951923077 0.947115384615 0.0408653846154
0 0.502403846154 0.506009615385 0.942307692308 0.03125
0 0.503605769231 0.537259615385 0.939903846154 0.0360576923077
0 0.503605769231 0.569711538462 0.939903846154 0.0288461538462
0 0.503605769231 0.600961538462 0.939903846154 0.0336538461538
0 0.503605769231 0.633413461538 0.939903846154 0.0360576923077
0 0.503605769231 0.674278846154 0.939903846154 0.0408653846154
0 0.502403846154 0.709134615385 0.9375 0.0288461538462
0 0.501201923077 0.740384615385 0.939903846154 0.0384615384615
0 0.506009615385 0.782451923077 0.949519230769 0.0408653846154
0 0.506009615385 0.818509615385 0.949519230769 0.0360576923077
0 0.506009615385 0.849759615385 0.949519230769 0.0264423076923
0 0.498798076923 0.883413461538 0.959134615385 0.0408653846154
0 0.5 0.924278846154 0.947115384615 0.0360576923077
0 0.507211538462 0.960336538462 0.932692307692 0.0360576923077
