0 0.503605769231 0.0348557692308 0.959134615385 0.0408653846154
0 0.503605769231 0.0709134615385 0.959134615385 0.03125
0 0.504807692308 0.108173076923 0.961538461538 0.0432692307692
0 0.503605769231 0.144230769231 0.963942307692 0.0288461538462
0 0.501201923077 0.177884615385 0.959134615385 0.0432692307692
0 0.501201923077 0.213942307692 0.959134615385 0.0288461538462
0 0.501201923077 0.253605769231 0.959134615385 0.0456730769231
0 0.501201923077 0.289663461538 0.959134615385 0.03125
0 0.498798076923 0.324519230769 0.959134615385 0.0384615384615
0 0.496394230769 0.361778846154 0.959134615385 0.03125
0 0.493990384615 0.395432692308 0.959134615385 0.0360576923077
0 0.495192307692 0.430288461538 0.956730769231 0.0384615384615
0 0.496394230769 0.467548076923 0.959134615385 0.03125
0 0.496394230769 0.501201923077 0.959134615385 0.03125
0 0.163461538462 0.532451923077 0.293269230769 0.03125
0 0.520432692308 0.584134615385 0.920673076923 0.0240384615385
0 0.502403846154 0.615384615385 0.956730769231 0.0384615384615
0 0.503605769231 0.652644230769 0.959134615385 0.0360576923077
0 0.506009615385 0.691105769231 0.959134615385 0.0360576923077
0 0.503605769231 0.724759615385 0.954326923077 0.0360576923077
0 0.504807692308 0.764423076923 0.951923076923 0.0432692307692
0 0.129807692308 0.798076923077 0.201923076923 0.0240384615385
0 0.518028846154 0.836538461538 0.935096153846 0.0384615384615
0 0.502403846154 0.878605769231 0.966346153846 0.0408653846154
0 0.506009615385 0.913461538462 0.96875 0.0336538461538
0 0.200721153846 0.954326923077 0.367788461538 0.0336538461538
