0 0.518028846154 0.0516826923077 0.887019230769 0.03125
0 0.253605769231 0.0877403846154 0.439903846154 0.0264423076923
0 0.516826923077 0.132211538462 0.875 0.0336538461538
0 0.496394230769 0.165865384615 0.915865384615 0.0336538461538
0 0.498798076923 0.204326923077 0.915865384615 0.0384615384615
0 0.498798076923 0.239182692308 0.915865384615 0.03125
0 0.501201923077 0.271634615385 0.920673076923 0.0336538461538
0 0.497596153846 0.305288461538 0.927884615385 0.0384615384615
0 0.498798076923 0.344951923077 0.930288461538 0.0360576923077
0 0.5 0.379807692308 0.927884615385 0.0384615384615
0 0.496394230769 0.413461538462 0.920673076923 0.0336538461538
0 0.09375 0.438701923077 0.105769230769 0.03125
0 0.522836538462 0.486778846154 0.887019230769 0.0456730769231
0 0.5 0.524038461538 0.927884615385 0.0336538461538
0 0.503605769231 0.558894230769 0.935096153846 0.0360576923077
0 0.503605769231 0.597355769231 0.935096153846 0.0360576923077
0 0.503605769231 0.629807692308 0.935096153846 0.0288461538462
0 0.501201923077 0.663461538462 0.939903846154 0.0432692307692
0 0.497596153846 0.695913461538 0.932692307692 0.0216346153846
0 0.5 0.725961538462 0.9375 0.0384615384615
0 0.502403846154 0.762019230769 0.942307692308 0.0336538461538
0 0.502403846154 0.793269230769 0.942307692308 0.0288461538462
0 0.454326923077 0.831730769231 0.846153846154 0.0432692307692
0 0.521634615385 0.873798076923 0.879807692308 0.03125
0 0.496394230769 0.907451923077 0.930288461538 0.0360576923077
0 0.496394230769 0.943509615385 0.930288461538 0.0408653846154
