0 0.491586538462 0.0456730769231 0.911057692308 0.0480769230769
0 0.193509615385 0.0913461538462 0.310096153846 0.0336538461538
0 0.510817307692 0.131009615385 0.858173076923 0.0408653846154
0 0.492788461538 0.165865384615 0.903846153846 0.0336538461538
0 0.495192307692 0.205528846154 0.908653846154 0.03125
0 0.491586538462 0.237980769231 0.90625 0.0240384615385
0 0.491586538462 0.272836538462 0.911057692308 0.0360576923077
0 0.212740384615 0.308894230769 0.348557692308 0.0216346153846
0 0.513221153846 0.346153846154 0.853365384615 0.0432692307692
0 0.489182692308 0.384615384615 0.911057692308 0.0240384615385
0 0.502403846154 0.418269230769 0.932692307692 0.0336538461538
0 0.503605769231 0.454326923077 0.920673076923 0.0288461538462
0 0.132211538462 0.485576923077 0.192307692308 0.0288461538462
0 0.506009615385 0.524038461538 0.872596153846 0.0384615384615
0 0.497596153846 0.563701923077 0.913461538462 0.03125
0 0.490384615385 0.596153846154 0.903846153846 0.0336538461538
0 0.492788461538 0.632211538462 0.908653846154 0.0336538461538
0 0.490384615385 0.664663461538 0.899038461538 0.0408653846154
0 0.498798076923 0.703125 0.911057692308 0.03125
0 0.5 0.733173076923 0.913461538462 0.0432692307692
0 0.491586538462 0.770432692308 0.901442307692 0.0408653846154
0 0.496394230769 0.804086538462 0.90625 0.0264423076923
0 0.5 0.838942307692 0.913461538462 0.0384615384615
0 0.495192307692 0.879807692308 0.908653846154 0.0384615384615
0 0.358173076923 0.913461538462 0.620192307692 0.0288461538462
