0 0.508413461538 0.0348557692308 0.853365384615 0.0456730769231
0 0.491586538462 0.078125 0.901442307692 0.0360576923077
0 0.495192307692 0.112980769231 0.884615384615 0.0288461538462
0 0.490384615385 0.146634615385 0.884615384615 0.0336538461538
0 0.491586538462 0.181490384615 0.891826923077 0.03125
0 0.491586538462 0.215144230769 0.887019230769 0.0216346153846
0 0.423076923077 0.248798076923 0.774038461538 0.0360576923077
0 0.506009615385 0.290865384615 0.858173076923 0.0384615384615
0 0.492788461538 0.330528846154 0.889423076923 0.0264423076923
0 0.490384615385 0.366586538462 0.889423076923 0.03125
0 0.493990384615 0.401442307692 0.887019230769 0.0336538461538
0 0.490384615385 0.436298076923 0.894230769231 0.03125
0 0.295673076923 0.471153846154 0.490384615385 0.0336538461538
0 0.507211538462 0.512019230769 0.850961538462 0.0336538461538
0 0.496394230769 0.549278846154 0.882211538462 0.0408653846154
0 0.28125 0.585336538462 0.475961538462 0.03125
0 0.509615384615 0.627403846154 0.855769230769 0.0336538461538
0 0.491586538462 0.662259615385 0.891826923077 0.0360576923077
0 0.496394230769 0.698317307692 0.891826923077 0.03125
0 0.492788461538 0.736778846154 0.889423076923 0.03125
0 0.491586538462 0.771634615385 0.901442307692 0.0384615384615
0 0.487980769231 0.805288461538 0.908653846154 0.0288461538462
0 0.382211538462 0.836538461538 0.682692307692 0.0240384615385
0 0.508413461538 0.877403846154 0.84375 0.0336538461538
0 0.490384615385 0.914663461538 0.889423076923 0.03125
0 0.493990384615 0.954326923077 0.891826923077 0.0240384615385
