0 0.0660377358491 0.0243902439024 0.0817610062893 0.0274390243902
0 0.14570230608 0.0335365853659 0.0482180293501 0.0274390243902
0 0.24213836478 0.032012195122 0.0901467505241 0.0365853658537
0 0.331236897275 0.0243902439024 0.062893081761 0.0365853658537
0 0.492662473795 0.032012195122 0.201257861635 0.0274390243902
0 0.663522012579 0.0228658536585 0.111111111111 0.0396341463415
0 0.803983228512 0.0274390243902 0.111111111111 0.0335365853659
0 0.918238993711 0.0335365853659 0.0880503144654 0.0243902439024
0 0.894129979036 0.063262195122 0.0775681341719 0.0259146341463
0 0.750524109015 0.0647865853659 0.180293501048 0.0289634146341
0 0.552410901468 0.0663109756098 0.174004192872 0.032012195122
0 0.358490566038 0.0678353658537 0.197064989518 0.0350609756098
0 0.185534591195 0.0586890243902 0.0901467505241 0.0350609756098
0 0.0607966457023 0.0647865853659 0.0796645702306 0.0228658536585
0 0.08071278826 0.100609756098 0.0901467505241 0.0213414634146
0 0.223270440252 0.10137195122 0.123689727463 0.0350609756098
0 0.373165618449 0.100609756098 0.146750524109 0.0182926829268
0 0.523060796646 0.0990853658537 0.0943396226415 0.0335365853659
0 0.642557651992 0.100609756098 0.0649895178197 0.0213414634146
0 0.711740041929 0.0990853658537 0.0482180293501 0.0365853658537
0 0.79035639413 0.0990853658537 0.0545073375262 0.0335365853659
0 0.894129979036 0.10137195122 0.115303983229 0.0381097560976
0 0.921383647799 0.131859756098 0.0607966457023 0.0259146341463
0 0.759958071279 0.133384146341 0.169811320755 0.0259146341463
0 0.618448637317 0.131859756098 0.0545073375262 0.0289634146341
0 0.424528301887 0.13262195122 0.232704402516 0.0274390243902
0 0.208595387841 0.13262195122 0.123689727463 0.0213414634146
0 0.0712788259958 0.131859756098 0.0796645702306 0.0259146341463
0 0.103773584906 0.163109756098 0.14465408805 0.0335365853659
0 0.220125786164 0.165396341463 0.0587002096436 0.0350609756098
0 0.289308176101 0.166158536585 0.062893081761 0.0335365853659
0 0.366876310273 0.174542682927 0.0503144654088 0.0289634146341
0 0.427672955975 0.172256097561 0.0461215932914 0.0274390243902
0 0.537735849057 0.172256097561 0.153039832285 0.0274390243902
0 0.657232704403 0.175304878049 0.0566037735849 0.0274390243902
0 0.753668763103 0.175304878049 0.0775681341719 0.0274390243902
0 0.879454926625 0.166158536585 0.127882599581 0.0274390243902
0 0.0849056603774 0.208841463415 0.0901467505241 0.0243902439024
0 0.208595387841 0.205030487805 0.119496855346 0.0259146341463
0 0.352201257862 0.206554878049 0.138364779874 0.0289634146341
0 0.48427672956 0.208841463415 0.0880503144654 0.0335365853659
0 0.610062893082 0.208841463415 0.138364779874 0.0274390243902
0 0.729559748428 0.207317073171 0.0754716981132 0.0335365853659
0 0.866876310273 0.208079268293 0.182389937107 0.032012195122
0 0.0702306079665 0.241615853659 0.0817610062893 0.032012195122
0 0.169811320755 0.241615853659 0.0880503144654 0.0289634146341
0 0.286163522013 0.240853658537 0.106918238994 0.0274390243902
0 0.421383647799 0.240853658537 0.146750524109 0.0335365853659
0 0.59748427673 0.241615853659 0.155136268344 0.0198170731707
0 0.729559748428 0.241615853659 0.0670859538784 0.0259146341463
0 0.873165618449 0.241615853659 0.16142557652 0.032012195122
0 0.0649895178197 0.272865853659 0.083857442348 0.0274390243902
0 0.187631027254 0.272865853659 0.111111111111 0.0335365853659
0 0.334381551363 0.27362804878 0.148846960168 0.0289634146341
0 0.477987421384 0.275152439024 0.100628930818 0.032012195122
0 0.639412997904 0.27362804878 0.197064989518 0.0289634146341
0 0.795597484277 0.274390243902 0.0943396226415 0.0274390243902
0 0.908805031447 0.27362804878 0.0901467505241 0.0259146341463
0 0.0775681341719 0.314024390244 0.100628930818 0.0274390243902
0 0.214884696017 0.307164634146 0.127882599581 0.0228658536585
0 0.346960167715 0.313262195122 0.0901467505241 0.0259146341463
0 0.442348008386 0.314024390244 0.0754716981132 0.0274390243902
0 0.553459119497 0.315548780488 0.11320754717 0.030487804878
0 0.697064989518 0.307164634146 0.106918238994 0.032012195122
0 0.866876310273 0.314786585366 0.140461215933 0.0259146341463
0 0.0880503144654 0.348323170732 0.125786163522 0.0289634146341
0 0.19392033543 0.348323170732 0.0733752620545 0.0289634146341
0 0.280922431866 0.346036585366 0.0796645702306 0.030487804878
0 0.457023060797 0.346798780488 0.22641509434 0.0350609756098
0 0.666666666667 0.348323170732 0.155136268344 0.0289634146341
0 0.783018867925 0.350609756098 0.0524109014675 0.0274390243902
0 0.831236897275 0.346798780488 0.0356394129979 0.032012195122
0 0.9035639413 0.34756097561 0.0964360587002 0.030487804878
0 0.062893081761 0.381859756098 0.0880503144654 0.032012195122
0 0.134171907757 0.381859756098 0.0335429769392 0.0259146341463
0 0.19392033543 0.38262195122 0.0775681341719 0.0274390243902
0 0.27463312369 0.381859756098 0.0712788259958 0.0289634146341
0 0.349056603774 0.38262195122 0.0649895178197 0.0274390243902
0 0.448637316562 0.381859756098 0.0880503144654 0.0350609756098
0 0.561844863732 0.38262195122 0.138364779874 0.0274390243902
0 0.127882599581 0.424542682927 0.134171907757 0.0259146341463
0 0.250524109015 0.423018292683 0.102725366876 0.0289634146341
0 0.358490566038 0.426829268293 0.0503144654088 0.0274390243902
0 0.43605870021 0.426829268293 0.104821802935 0.030487804878
0 0.540880503145 0.426829268293 0.0796645702306 0.0274390243902
0 0.637316561845 0.426067073171 0.0922431865828 0.0289634146341
0 0.724318658281 0.424542682927 0.0607966457023 0.032012195122
0 0.816561844864 0.423018292683 0.0691823899371 0.0381097560976
0 0.9035639413 0.428353658537 0.0964360587002 0.030487804878
0 0.873165618449 0.460365853659 0.123689727463 0.030487804878
0 0.714884696017 0.459603658537 0.146750524109 0.0289634146341
0 0.600628930818 0.459603658537 0.0775681341719 0.0289634146341
0 0.460167714885 0.458079268293 0.17819706499 0.0289634146341
0 0.324947589099 0.459603658537 0.0712788259958 0.0259146341463
0 0.22641509434 0.458841463415 0.083857442348 0.030487804878
0 0.100628930818 0.459603658537 0.159329140461 0.032012195122
0 0.0681341719078 0.49237804878 0.0775681341719 0.030487804878
0 0.184486373166 0.493140243902 0.150943396226 0.0289634146341
0 0.3071278826 0.491615853659 0.0775681341719 0.0228658536585
0 0.418238993711 0.493902439024 0.132075471698 0.0274390243902
0 0.589098532495 0.490853658537 0.163522012579 0.0335365853659
0 0.744234800839 0.494664634146 0.104821802935 0.0289634146341
0 0.88784067086 0.49237804878 0.123689727463 0.0243902439024
0 0.0775681341719 0.532012195122 0.121593291405 0.0213414634146
0 0.202306079665 0.532012195122 0.102725366876 0.0274390243902
0 0.324947589099 0.532774390244 0.117400419287 0.0259146341463
0 0.43605870021 0.533536585366 0.0670859538784 0.0274390243902
0 0.589098532495 0.525152439024 0.20964360587 0.032012195122
0 0.77463312369 0.532012195122 0.123689727463 0.0243902439024
0 0.900419287212 0.533536585366 0.102725366876 0.0213414634146
0 0.0670859538784 0.567835365854 0.0922431865828 0.0259146341463
0 0.184486373166 0.567073170732 0.0964360587002 0.030487804878
0 0.283018867925 0.565548780488 0.104821802935 0.0335365853659
0 0.382599580713 0.565548780488 0.0859538784067 0.030487804878
0 0.502096436059 0.569359756098 0.119496855346 0.0289634146341
0 0.615303983229 0.567073170732 0.0817610062893 0.030487804878
0 0.769392033543 0.567835365854 0.167714884696 0.0289634146341
0 0.908805031447 0.56631097561 0.102725366876 0.0289634146341
0 0.100628930818 0.599847560976 0.138364779874 0.032012195122
0 0.22641509434 0.60137195122 0.0796645702306 0.0198170731707
0 0.313417190776 0.600609756098 0.0775681341719 0.030487804878
0 0.418238993711 0.600609756098 0.0859538784067 0.0243902439024
0 0.526205450734 0.600609756098 0.0880503144654 0.00914634146341
0 0.624737945493 0.60137195122 0.0503144654088 0.0198170731707
0 0.741090146751 0.60137195122 0.140461215933 0.0289634146341
0 0.890985324948 0.599847560976 0.117400419287 0.0289634146341
0 0.0859538784067 0.631859756098 0.121593291405 0.0259146341463
0 0.220125786164 0.631859756098 0.109014675052 0.0259146341463
0 0.316561844864 0.631859756098 0.062893081761 0.0289634146341
0 0.397274633124 0.631859756098 0.0817610062893 0.032012195122
0 0.510482180294 0.63262195122 0.119496855346 0.0274390243902
0 0.642557651992 0.63262195122 0.0985324947589 0.0243902439024
0 0.738993710692 0.634908536585 0.0901467505241 0.0289634146341
0 0.803983228512 0.634146341463 0.0314465408805 0.0243902439024
0 0.853249475891 0.63262195122 0.0335429769392 0.0274390243902
0 0.916142557652 0.634146341463 0.0922431865828 0.0335365853659
0 0.0786163522013 0.673780487805 0.115303983229 0.0365853658537
0 0.232704402516 0.673780487805 0.167714884696 0.0274390243902
0 0.424528301887 0.673018292683 0.190775681342 0.0259146341463
0 0.582809224319 0.673780487805 0.083857442348 0.0243902439024
0 0.0911949685535 0.709603658537 0.0482180293501 0.0289634146341
0 0.17819706499 0.711890243902 0.0796645702306 0.030487804878
0 0.268343815514 0.709603658537 0.083857442348 0.0259146341463
0 0.366876310273 0.711890243902 0.0587002096436 0.0243902439024
0 0.430817610063 0.710365853659 0.0524109014675 0.0274390243902
0 0.502096436059 0.710365853659 0.0733752620545 0.030487804878
0 0.627882599581 0.709603658537 0.140461215933 0.0259146341463
0 0.783018867925 0.71493902439 0.123689727463 0.0213414634146
0 0.911949685535 0.710365853659 0.100628930818 0.030487804878
0 0.127882599581 0.743902439024 0.201257861635 0.0274390243902
0 0.259958071279 0.751524390244 0.041928721174 0.0243902439024
0 0.316561844864 0.751524390244 0.0587002096436 0.0243902439024
0 0.463312368973 0.750762195122 0.222222222222 0.0198170731707
0 0.660377358491 0.753048780488 0.146750524109 0.0213414634146
0 0.798742138365 0.75381097561 0.0922431865828 0.0289634146341
0 0.866876310273 0.751524390244 0.0356394129979 0.0274390243902
0 0.929769392034 0.743902439024 0.0649895178197 0.0243902439024
0 0.083857442348 0.783536585366 0.104821802935 0.0213414634146
0 0.211740041929 0.78506097561 0.109014675052 0.0274390243902
0 0.397274633124 0.787347560976 0.203354297694 0.0381097560976
0 0.537735849057 0.788109756098 0.0440251572327 0.030487804878
0 0.600628930818 0.78887195122 0.0733752620545 0.0198170731707
0 0.729559748428 0.787347560976 0.163522012579 0.0259146341463
0 0.858490566038 0.782774390244 0.0482180293501 0.0259146341463
0 0.927672955975 0.783536585366 0.0649895178197 0.0243902439024
0 0.0744234800839 0.819359756098 0.0733752620545 0.0228658536585
0 0.187631027254 0.819359756098 0.115303983229 0.032012195122
0 0.303983228512 0.819359756098 0.0922431865828 0.0228658536585
0 0.409853249476 0.82012195122 0.0691823899371 0.0213414634146
0 0.479035639413 0.82012195122 0.0314465408805 0.0274390243902
0 0.523060796646 0.82012195122 0.0440251572327 0.0243902439024
0 0.601677148847 0.82012195122 0.0545073375262 0.0274390243902
0 0.666666666667 0.82012195122 0.062893081761 0.0274390243902
0 0.750524109015 0.815548780488 0.0712788259958 0.0274390243902
0 0.876310272537 0.819359756098 0.150943396226 0.0289634146341
0 0.0880503144654 0.859756097561 0.129979035639 0.030487804878
0 0.211740041929 0.854420731707 0.0964360587002 0.0289634146341
0 0.292452830189 0.85137195122 0.0607966457023 0.0289634146341
0 0.411949685535 0.852134146341 0.123689727463 0.0213414634146
0 0.540880503145 0.852134146341 0.104821802935 0.0243902439024
0 0.690775681342 0.853658536585 0.157232704403 0.0274390243902
0 0.795597484277 0.85137195122 0.0314465408805 0.0289634146341
0 0.837526205451 0.852896341463 0.0314465408805 0.0289634146341
0 0.908805031447 0.853658536585 0.0985324947589 0.0243902439024
0 0.121593291405 0.891768292683 0.171907756813 0.0243902439024
0 0.292452830189 0.893292682927 0.115303983229 0.0274390243902
0 0.43605870021 0.891768292683 0.109014675052 0.030487804878
0 0.568134171908 0.894054878049 0.0796645702306 0.0228658536585
0 0.672955974843 0.892530487805 0.0796645702306 0.0259146341463
0 0.801886792453 0.894817073171 0.127882599581 0.0243902439024
0 0.921383647799 0.884146341463 0.0649895178197 0.0243902439024
0 0.0922431865828 0.925304878049 0.125786163522 0.0335365853659
0 0.232704402516 0.926829268293 0.0922431865828 0.0335365853659
0 0.337526205451 0.926067073171 0.083857442348 0.032012195122
0 0.450733752621 0.929115853659 0.0964360587002 0.0289634146341
0 0.582809224319 0.926829268293 0.0964360587002 0.0243902439024
0 0.723270440252 0.926067073171 0.129979035639 0.0228658536585
0 0.840670859539 0.926829268293 0.0503144654088 0.0182926829268
0 0.924528301887 0.927591463415 0.0545073375262 0.0198170731707
0 0.873165618449 0.959603658537 0.16142557652 0.032012195122
0 0.729559748428 0.959603658537 0.0587002096436 0.0198170731707
0 0.663522012579 0.958841463415 0.0482180293501 0.0274390243902
0 0.600628930818 0.960365853659 0.0314465408805 0.030487804878
0 0.450733752621 0.960365853659 0.1928721174 0.0274390243902
0 0.27463312369 0.960365853659 0.142557651992 0.0243902439024
0 0.106918238994 0.959603658537 0.159329140461 0.0289634146341
