0 0.504807692308 0.0516826923077 0.942307692308 0.03125
0 0.506009615385 0.0877403846154 0.939903846154 0.0408653846154
0 0.506009615385 0.123798076923 0.939903846154 0.03125
0 0.5 0.157451923077 0.947115384615 0.03125
0 0.492788461538 0.193509615385 0.9375 0.0408653846154
0 0.496394230769 0.228365384615 0.930288461538 0.0336538461538
0 0.5 0.258413461538 0.9375 0.0264423076923
0 0.146634615385 0.287259615385 0.269230769231 0.03125
0 0.522836538462 0.329326923077 0.887019230769 0.0432692307692
0 0.506009615385 0.367788461538 0.944711538462 0.0288461538462
0 0.504807692308 0.401442307692 0.947115384615 0.0384615384615
0 0.496394230769 0.436298076923 0.930288461538 0.03125
0 0.359375 0.471153846154 0.646634615385 0.0288461538462
0 0.521634615385 0.510817307692 0.903846153846 0.0360576923077
0 0.504807692308 0.549278846154 0.942307692308 0.0360576923077
0 0.502403846154 0.582932692308 0.9375 0.03125
0 0.502403846154 0.615384615385 0.9375 0.0384615384615
0 0.491586538462 0.651442307692 0.925480769231 0.0336538461538
0 0.163461538462 0.692307692308 0.201923076923 0.0240384615385
0 0.121394230769 0.729567307692 0.132211538462 0.0216346153846
0 0.53125 0.775240384615 0.899038461538 0.0360576923077
0 0.506009615385 0.818509615385 0.949519230769 0.0360576923077
0 0.504807692308 0.848557692308 0.947115384615 0.0240384615385
0 0.510817307692 0.881009615385 0.959134615385 0.03125
0 0.507211538462 0.913461538462 0.966346153846 0.0384615384615
0 0.506009615385 0.959134615385 0.959134615385 0.0480769230769
