0 0.496394230769 0.0348557692308 0.90625 0.0360576923077
0 0.496394230769 0.0709134615385 0.90625 0.03125
0 0.492788461538 0.104567307692 0.899038461538 0.0360576923077
0 0.493990384615 0.137019230769 0.896634615385 0.0288461538462
0 0.944711538462 0.163461538462 0.0 0.0
0 0.0408653846154 0.192307692308 0.0 0.0
0 0.491586538462 0.173076923077 0.887019230769 0.0288461538462
0 0.497596153846 0.204326923077 0.879807692308 0.0336538461538
0 0.329326923077 0.240384615385 0.538461538462 0.0432692307692
0 0.508413461538 0.287259615385 0.858173076923 0.0360576923077
0 0.496394230769 0.322115384615 0.882211538462 0.0336538461538
0 0.501201923077 0.354567307692 0.891826923077 0.03125
0 0.320913461538 0.395432692308 0.598557692308 0.0264423076923
0 0.513221153846 0.429086538462 0.867788461538 0.0456730769231
0 0.493990384615 0.469951923077 0.901442307692 0.0360576923077
0 0.212740384615 0.506009615385 0.338942307692 0.0360576923077
0 0.516826923077 0.548076923077 0.860576923077 0.0384615384615
0 0.493990384615 0.573317307692 0.891826923077 0.0360576923077
0 0.355769230769 0.612980769231 0.600961538462 0.0336538461538
0 0.201923076923 0.649038461538 0.240384615385 0.0384615384615
0 0.515625 0.735576923077 0.867788461538 0.0336538461538
0 0.498798076923 0.770432692308 0.901442307692 0.0360576923077
0 0.496394230769 0.804086538462 0.896634615385 0.0360576923077
0 0.493990384615 0.837740384615 0.901442307692 0.03125
0 0.493990384615 0.866586538462 0.901442307692 0.0264423076923
0 0.492788461538 0.899038461538 0.903846153846 0.0384615384615
0 0.503605769231 0.941105769231 0.920673076923 0.0408653846154
