0 0.498798076923 0.046875 0.887019230769 0.03125
0 0.496394230769 0.0829326923077 0.891826923077 0.0360576923077
0 0.491586538462 0.118990384615 0.877403846154 0.0360576923077
0 0.489182692308 0.151442307692 0.882211538462 0.0288461538462
0 0.496394230769 0.186298076923 0.896634615385 0.0360576923077
0 0.496394230769 0.222355769231 0.896634615385 0.03125
0 0.490384615385 0.256009615385 0.884615384615 0.0360576923077
0 0.490384615385 0.290865384615 0.889423076923 0.0384615384615
0 0.497596153846 0.326923076923 0.913461538462 0.0384615384615
0 0.489182692308 0.365384615385 0.930288461538 0.0384615384615
0 0.477163461538 0.399038461538 0.911057692308 0.0288461538462
0 0.491586538462 0.429086538462 0.887019230769 0.03125
0 0.274038461538 0.467548076923 0.456730769231 0.0408653846154
0 0.508413461538 0.507211538462 0.838942307692 0.0432692307692
0 0.441105769231 0.543269230769 0.790865384615 0.0288461538462
0 0.507211538462 0.590144230769 0.865384615385 0.03125
0 0.491586538462 0.620192307692 0.896634615385 0.0336538461538
0 0.489182692308 0.662259615385 0.877403846154 0.0408653846154
0 0.516826923077 0.701923076923 0.860576923077 0.0384615384615
0 0.491586538462 0.740384615385 0.896634615385 0.0288461538462
0 0.492788461538 0.771634615385 0.899038461538 0.0336538461538
0 0.484375 0.802884615385 0.896634615385 0.0288461538462
0 0.490384615385 0.837740384615 0.884615384615 0.0408653846154
0 0.495192307692 0.873798076923 0.894230769231 0.03125
0 0.165865384615 0.907451923077 0.235576923077 0.0264423076923
0 0.1875 0.947115384615 0.197115384615 0.0576923076923
