0 0.508413461538 0.0360576923077 0.891826923077 0.0384615384615
0 0.491586538462 0.0721153846154 0.930288461538 0.0336538461538
0 0.115384615385 0.112980769231 0.182692307692 0.0432692307692
0 0.504807692308 0.162259615385 0.908653846154 0.0360576923077
0 0.15625 0.193509615385 0.274038461538 0.0504807692308
0 0.513221153846 0.262019230769 0.896634615385 0.0528846153846
0 0.491586538462 0.306490384615 0.935096153846 0.0360576923077
0 0.490384615385 0.347355769231 0.927884615385 0.0408653846154
0 0.490384615385 0.383413461538 0.923076923077 0.0360576923077
0 0.487980769231 0.415865384615 0.918269230769 0.0288461538462
0 0.490384615385 0.445913461538 0.908653846154 0.03125
0 0.394230769231 0.485576923077 0.711538461538 0.0432692307692
0 0.284855769231 0.526442307692 0.411057692308 0.0336538461538
0 0.508413461538 0.576923076923 0.882211538462 0.0432692307692
0 0.490384615385 0.605769230769 0.942307692308 0.0432692307692
0 0.490384615385 0.647836538462 0.942307692308 0.0408653846154
0 0.491586538462 0.681490384615 0.939903846154 0.0264423076923
0 0.491586538462 0.713942307692 0.935096153846 0.0384615384615
0 0.490384615385 0.753605769231 0.932692307692 0.0360576923077
0 0.490384615385 0.790865384615 0.932692307692 0.0432692307692
0 0.489182692308 0.829326923077 0.939903846154 0.0288461538462
0 0.489182692308 0.862980769231 0.944711538462 0.0384615384615
0 0.489182692308 0.897836538462 0.944711538462 0.0360576923077
0 0.490384615385 0.927884615385 0.951923076923 0.0240384615385
0 0.25 0.959134615385 0.490384615385 0.0384615384615
