0 0.516826923077 0.104567307692 0.899038461538 0.0408653846154
0 0.5 0.145432692308 0.927884615385 0.0360576923077
0 0.503605769231 0.177884615385 0.935096153846 0.0336538461538
0 0.498798076923 0.213942307692 0.944711538462 0.0384615384615
0 0.116586538462 0.252403846154 0.175480769231 0.0336538461538
0 0.423076923077 0.295673076923 0.701923076923 0.0432692307692
0 0.515625 0.340144230769 0.896634615385 0.0168269230769
0 0.140625 0.376201923077 0.180288461538 0.0264423076923
0 0.487980769231 0.425480769231 0.841346153846 0.0432692307692
0 0.522836538462 0.463942307692 0.896634615385 0.0336538461538
0 0.441105769231 0.503605769231 0.814903846154 0.03125
0 0.524038461538 0.540865384615 0.903846153846 0.0432692307692
0 0.304086538462 0.582932692308 0.526442307692 0.0360576923077
0 0.280048076923 0.628605769231 0.463942307692 0.0360576923077
0 0.272836538462 0.670673076923 0.401442307692 0.0240384615385
0 0.521634615385 0.711538461538 0.899038461538 0.0336538461538
0 0.497596153846 0.746394230769 0.947115384615 0.0360576923077
0 0.503605769231 0.788461538462 0.959134615385 0.0432692307692
0 0.504807692308 0.824519230769 0.956730769231 0.0336538461538
0 0.504807692308 0.864182692308 0.956730769231 0.0360576923077
0 0.503605769231 0.896634615385 0.959134615385 0.0288461538462
0 0.508413461538 0.926682692308 0.973557692308 0.03125
0 0.508413461538 0.967548076923 0.973557692308 0.0504807692308
