0 0.475961538462 0.0288461538462 0.9375 0.0384615384615
0 0.474759615385 0.0661057692308 0.939903846154 0.0360576923077
0 0.475961538462 0.100961538462 0.9375 0.0336538461538
0 0.475961538462 0.135817307692 0.9375 0.0408653846154
0 0.480769230769 0.177884615385 0.951923076923 0.0384615384615
0 0.412259615385 0.213942307692 0.819711538462 0.0432692307692
0 0.516826923077 0.254807692308 0.923076923077 0.0384615384615
0 0.491586538462 0.288461538462 0.973557692308 0.0336538461538
0 0.478365384615 0.330528846154 0.951923076923 0.0456730769231
0 0.479567307692 0.365384615385 0.949519230769 0.0288461538462
0 0.0673076923077 0.399038461538 0.125 0.0384615384615
0 0.495192307692 0.443509615385 0.884615384615 0.0360576923077
0 0.474759615385 0.479567307692 0.920673076923 0.0408653846154
0 0.272836538462 0.514423076923 0.516826923077 0.0240384615385
0 0.506009615385 0.561298076923 0.915865384615 0.0360576923077
0 0.491586538462 0.602163461538 0.944711538462 0.0456730769231
0 0.487980769231 0.635817307692 0.942307692308 0.0216346153846
0 0.241586538462 0.663461538462 0.478365384615 0.0384615384615
0 0.496394230769 0.712740384615 0.915865384615 0.03125
0 0.477163461538 0.748798076923 0.949519230769 0.0360576923077
0 0.486778846154 0.784855769231 0.963942307692 0.03125
0 0.490384615385 0.819711538462 0.956730769231 0.0384615384615
0 0.475961538462 0.853365384615 0.932692307692 0.0336538461538
0 0.331730769231 0.893028846154 0.629807692308 0.0360576923077
0 0.506009615385 0.933894230769 0.90625 0.03125
0 0.478365384615 0.975961538462 0.956730769231 0.0480769230769
