0 0.496394230769 0.0540865384615 0.90625 0.0360576923077
0 0.149038461538 0.0841346153846 0.201923076923 0.0288461538462
0 0.518028846154 0.132211538462 0.882211538462 0.0384615384615
0 0.490384615385 0.171875 0.884615384615 0.0264423076923
0 0.169471153846 0.201923076923 0.252403846154 0.0288461538462
0 0.519230769231 0.242788461538 0.879807692308 0.0336538461538
0 0.491586538462 0.280048076923 0.935096153846 0.0408653846154
0 0.492788461538 0.316105769231 0.9375 0.03125
0 0.514423076923 0.355769230769 0.899038461538 0.0336538461538
0 0.493990384615 0.391826923077 0.939903846154 0.0384615384615
0 0.486778846154 0.426682692308 0.925480769231 0.03125
0 0.484375 0.461538461538 0.930288461538 0.0384615384615
0 0.485576923077 0.495192307692 0.932692307692 0.0288461538462
0 0.227163461538 0.533653846154 0.396634615385 0.0432692307692
0 0.522836538462 0.574519230769 0.872596153846 0.0384615384615
0 0.112980769231 0.605769230769 0.158653846154 0.0240384615385
0 0.513221153846 0.650240384615 0.872596153846 0.0264423076923
0 0.502403846154 0.685096153846 0.923076923077 0.0432692307692
0 0.497596153846 0.727163461538 0.932692307692 0.0408653846154
0 0.504807692308 0.760817307692 0.947115384615 0.0264423076923
0 0.237980769231 0.787259615385 0.399038461538 0.0360576923077
0 0.528846153846 0.834134615385 0.927884615385 0.0336538461538
0 0.399038461538 0.867788461538 0.692307692308 0.0192307692308
0 0.515625 0.917067307692 0.872596153846 0.0408653846154
0 0.203125 0.954326923077 0.34375 0.0336538461538
