0 0.493990384615 0.0408653846154 0.862980769231 0.0432692307692
0 0.477163461538 0.0829326923077 0.896634615385 0.0360576923077
0 0.474759615385 0.116586538462 0.891826923077 0.0360576923077
0 0.474759615385 0.150240384615 0.891826923077 0.03125
0 0.475961538462 0.183894230769 0.894230769231 0.0360576923077
0 0.475961538462 0.224759615385 0.899038461538 0.0408653846154
0 0.475961538462 0.259615384615 0.899038461538 0.0336538461538
0 0.078125 0.292067307692 0.09375 0.0264423076923
0 0.510817307692 0.336538461538 0.84375 0.0336538461538
0 0.0913461538462 0.376201923077 0.144230769231 0.03125
0 0.493990384615 0.424278846154 0.862980769231 0.0360576923077
0 0.475961538462 0.460336538462 0.899038461538 0.0360576923077
0 0.475961538462 0.490384615385 0.894230769231 0.0288461538462
0 0.477163461538 0.526442307692 0.896634615385 0.0432692307692
0 0.475961538462 0.568509615385 0.894230769231 0.0360576923077
0 0.475961538462 0.603365384615 0.894230769231 0.0384615384615
0 0.258413461538 0.640625 0.459134615385 0.03125
0 0.495192307692 0.679086538462 0.855769230769 0.0360576923077
0 0.483173076923 0.719951923077 0.884615384615 0.0456730769231
0 0.490384615385 0.758413461538 0.894230769231 0.0360576923077
0 0.477163461538 0.790865384615 0.90625 0.0288461538462
0 0.475961538462 0.826923076923 0.903846153846 0.0384615384615
0 0.479567307692 0.866586538462 0.896634615385 0.0408653846154
0 0.480769230769 0.899038461538 0.899038461538 0.0240384615385
0 0.473557692308 0.942307692308 0.923076923077 0.0528846153846
