0 0.192307692308 0.0709134615385 0.341346153846 0.03125
0 0.490384615385 0.0300480769231 0.918269230769 0.03125
0 0.496394230769 0.103365384615 0.867788461538 0.0240384615385
0 0.490384615385 0.146634615385 0.913461538462 0.0336538461538
0 0.491586538462 0.180288461538 0.915865384615 0.0240384615385
0 0.486778846154 0.211538461538 0.920673076923 0.0336538461538
0 0.491586538462 0.253605769231 0.920673076923 0.03125
0 0.475961538462 0.287259615385 0.884615384615 0.0264423076923
0 0.513221153846 0.322115384615 0.853365384615 0.0288461538462
0 0.491586538462 0.365384615385 0.930288461538 0.0288461538462
0 0.489182692308 0.397836538462 0.925480769231 0.0264423076923
0 0.174278846154 0.433894230769 0.300480769231 0.03125
0 0.513221153846 0.475961538462 0.867788461538 0.0384615384615
0 0.175480769231 0.507211538462 0.288461538462 0.0288461538462
0 0.310096153846 0.554086538462 0.490384615385 0.03125
0 0.507211538462 0.599759615385 0.875 0.0264423076923
0 0.0709134615385 0.633413461538 0.0841346153846 0.0264423076923
0 0.506009615385 0.679086538462 0.882211538462 0.03125
0 0.318509615385 0.715144230769 0.588942307692 0.03125
0 0.459134615385 0.756009615385 0.769230769231 0.03125
0 0.506009615385 0.802884615385 0.867788461538 0.0336538461538
0 0.209134615385 0.835336538462 0.370192307692 0.0264423076923
0 0.506009615385 0.881009615385 0.872596153846 0.0264423076923
0 0.15625 0.912259615385 0.25 0.0264423076923
0 0.490384615385 0.960336538462 0.831730769231 0.0408653846154
