0 0.401442307692 0.046875 0.625 0.0360576923077
0 0.519230769231 0.0925480769231 0.831730769231 0.0360576923077
0 0.492788461538 0.126201923077 0.879807692308 0.03125
0 0.168269230769 0.158653846154 0.211538461538 0.0288461538462
0 0.519230769231 0.199519230769 0.831730769231 0.0336538461538
0 0.200721153846 0.239182692308 0.271634615385 0.0360576923077
0 0.521634615385 0.280048076923 0.836538461538 0.03125
0 0.168269230769 0.308894230769 0.225961538462 0.03125
0 0.507211538462 0.358173076923 0.841346153846 0.0384615384615
0 0.498798076923 0.396634615385 0.867788461538 0.0384615384615
0 0.426682692308 0.429086538462 0.737980769231 0.0264423076923
0 0.521634615385 0.471153846154 0.841346153846 0.0336538461538
0 0.183894230769 0.504807692308 0.271634615385 0.0336538461538
0 0.512019230769 0.548076923077 0.850961538462 0.0336538461538
0 0.287259615385 0.582932692308 0.46875 0.0264423076923
0 0.515625 0.623798076923 0.834134615385 0.0360576923077
0 0.495192307692 0.661057692308 0.875 0.0336538461538
0 0.496394230769 0.695913461538 0.867788461538 0.0264423076923
0 0.496394230769 0.729567307692 0.867788461538 0.0264423076923
0 0.497596153846 0.766826923077 0.870192307692 0.0336538461538
0 0.496394230769 0.802884615385 0.867788461538 0.0288461538462
0 0.497596153846 0.835336538462 0.879807692308 0.0168269230769
0 0.493990384615 0.865384615385 0.877403846154 0.0288461538462
0 0.444711538462 0.905048076923 0.764423076923 0.03125
0 0.338942307692 0.943509615385 0.495192307692 0.03125
