0 0.308894230769 0.0300480769231 0.555288461538 0.0504807692308
0 0.519230769231 0.115384615385 0.894230769231 0.0432692307692
0 0.391826923077 0.151442307692 0.711538461538 0.0384615384615
0 0.506009615385 0.194711538462 0.858173076923 0.0240384615385
0 0.412259615385 0.228365384615 0.757211538462 0.0240384615385
0 0.519230769231 0.271634615385 0.875 0.0336538461538
0 0.394230769231 0.308894230769 0.725961538462 0.03125
0 0.514423076923 0.350961538462 0.884615384615 0.0384615384615
0 0.495192307692 0.390625 0.923076923077 0.03125
0 0.501201923077 0.421875 0.930288461538 0.03125
0 0.498798076923 0.456730769231 0.930288461538 0.0384615384615
0 0.501201923077 0.490384615385 0.935096153846 0.0288461538462
0 0.504807692308 0.521634615385 0.927884615385 0.0384615384615
0 0.275240384615 0.557692307692 0.473557692308 0.0336538461538
0 0.521634615385 0.599759615385 0.894230769231 0.0360576923077
0 0.317307692308 0.635817307692 0.5625 0.03125
0 0.533653846154 0.677884615385 0.889423076923 0.0384615384615
0 0.240384615385 0.711538461538 0.278846153846 0.0288461538462
0 0.524038461538 0.753605769231 0.860576923077 0.0456730769231
0 0.256009615385 0.792067307692 0.295673076923 0.0408653846154
0 0.532451923077 0.834134615385 0.90625 0.0288461538462
0 0.538461538462 0.867788461538 0.889423076923 0.0336538461538
0 0.243990384615 0.901442307692 0.305288461538 0.0336538461538
0 0.328125 0.951923076923 0.521634615385 0.0576923076923
