0 0.272836538462 0.0456730769231 0.372596153846 0.0625
0 0.534855769231 0.127403846154 0.882211538462 0.0336538461538
0 0.514423076923 0.163461538462 0.918269230769 0.0432692307692
0 0.507211538462 0.198317307692 0.908653846154 0.0264423076923
0 0.179086538462 0.225961538462 0.252403846154 0.0240384615385
0 0.537259615385 0.272836538462 0.891826923077 0.0264423076923
0 0.186298076923 0.304086538462 0.286057692308 0.0264423076923
0 0.536057692308 0.348557692308 0.879807692308 0.0336538461538
0 0.397836538462 0.381009615385 0.685096153846 0.0360576923077
0 0.530048076923 0.425480769231 0.862980769231 0.0432692307692
0 0.502403846154 0.459134615385 0.932692307692 0.0240384615385
0 0.150240384615 0.489182692308 0.233173076923 0.0264423076923
0 0.520432692308 0.532451923077 0.877403846154 0.0408653846154
0 0.513221153846 0.568509615385 0.915865384615 0.03125
0 0.515625 0.599759615385 0.915865384615 0.03125
0 0.510817307692 0.633413461538 0.90625 0.0408653846154
0 0.330528846154 0.670673076923 0.53125 0.0144230769231
0 0.521634615385 0.709134615385 0.899038461538 0.0432692307692
0 0.506009615385 0.746394230769 0.930288461538 0.03125
0 0.508413461538 0.782451923077 0.935096153846 0.0360576923077
0 0.508413461538 0.818509615385 0.935096153846 0.0360576923077
0 0.504807692308 0.850961538462 0.923076923077 0.0288461538462
0 0.501201923077 0.882211538462 0.930288461538 0.0384615384615
0 0.506009615385 0.917067307692 0.935096153846 0.03125
0 0.278846153846 0.951923076923 0.475961538462 0.0384615384615
