0 0.0664621676892 0.026101141925 0.079754601227 0.0391517128874
0 0.171779141104 0.026101141925 0.110429447853 0.0391517128874
0 0.290388548057 0.021207177814 0.0981595092025 0.0326264274062
0 0.426380368098 0.0293637846656 0.145194274029 0.0293637846656
0 0.538854805726 0.0228384991843 0.0633946830266 0.0326264274062
0 0.630879345603 0.0277324632953 0.104294478528 0.0489396411093
0 0.787321063395 0.0334420880914 0.184049079755 0.0505709624796
0 0.90490797546 0.0285481239804 0.0429447852761 0.0309951060359
0 0.109406952965 0.0652528548124 0.161554192229 0.0326264274062
0 0.254601226994 0.0701468189233 0.0838445807771 0.0195758564437
0 0.327198364008 0.0676998368679 0.0490797546012 0.0277324632953
0 0.427402862986 0.0676998368679 0.0695296523517 0.021207177814
0 0.533742331288 0.0660685154976 0.130879345603 0.0342577487765
0 0.626789366053 0.0676998368679 0.0306748466258 0.0407830342577
0 0.703476482618 0.0668841761827 0.0613496932515 0.0358890701468
0 0.788343558282 0.0676998368679 0.104294478528 0.021207177814
0 0.891615541922 0.0750407830343 0.0736196319018 0.0195758564437
0 0.0593047034765 0.105220228385 0.0572597137014 0.0309951060359
0 0.160531697342 0.0986949429038 0.0838445807771 0.0407830342577
0 0.28527607362 0.1044045677 0.132924335378 0.0293637846656
0 0.38854805726 0.1044045677 0.0327198364008 0.0358890701468
0 0.4918200409 0.109298531811 0.132924335378 0.0228384991843
0 0.623721881391 0.108482871126 0.102249488753 0.0179445350734
0 0.735173824131 0.1044045677 0.0511247443763 0.0293637846656
0 0.804703476483 0.103588907015 0.0593047034765 0.0277324632953
0 0.889570552147 0.110114192496 0.0899795501022 0.0277324632953
0 0.0858895705521 0.141924959217 0.110429447853 0.026101141925
0 0.178936605317 0.146818923328 0.0552147239264 0.0293637846656
0 0.277096114519 0.141109298532 0.100204498978 0.0309951060359
0 0.379345603272 0.146818923328 0.079754601227 0.0293637846656
0 0.463190184049 0.141109298532 0.0674846625767 0.0309951060359
0 0.562372188139 0.146003262643 0.081799591002 0.0277324632953
0 0.665644171779 0.146003262643 0.079754601227 0.0309951060359
0 0.757668711656 0.146818923328 0.0674846625767 0.0391517128874
0 0.851738241309 0.141109298532 0.0593047034765 0.0342577487765
0 0.91717791411 0.145187601958 0.038854805726 0.026101141925
0 0.134969325153 0.18352365416 0.208588957055 0.0342577487765
0 0.391615541922 0.18352365416 0.276073619632 0.0277324632953
0 0.59100204499 0.182707993475 0.110429447853 0.026101141925
0 0.720858895706 0.182707993475 0.137014314928 0.026101141925
0 0.09918200409 0.225938009788 0.0552147239264 0.021207177814
0 0.178936605317 0.225938009788 0.0593047034765 0.0342577487765
0 0.260736196319 0.230016313214 0.0674846625767 0.0326264274062
0 0.346625766871 0.229200652529 0.0961145194274 0.0342577487765
0 0.430470347648 0.230831973899 0.038854805726 0.0179445350734
0 0.496932515337 0.225938009788 0.0245398773006 0.021207177814
0 0.589979550102 0.225122349103 0.128834355828 0.0424143556281
0 0.692229038855 0.225938009788 0.0347648261759 0.0277324632953
0 0.787321063395 0.230016313214 0.114519427403 0.0326264274062
0 0.903885480573 0.225938009788 0.0695296523517 0.0277324632953
0 0.0828220858896 0.261827079935 0.0961145194274 0.0309951060359
0 0.231083844581 0.265905383361 0.134969325153 0.0326264274062
0 0.358895705521 0.261827079935 0.0511247443763 0.0244698205546
0 0.440695296524 0.267536704731 0.0511247443763 0.0195758564437
0 0.5163599182 0.266721044046 0.0715746421268 0.021207177814
0 0.645194274029 0.261827079935 0.132924335378 0.0342577487765
0 0.762781186094 0.265905383361 0.0736196319018 0.0293637846656
0 0.870143149284 0.261827079935 0.112474437628 0.0309951060359
0 0.151329243354 0.299347471452 0.224948875256 0.0277324632953
0 0.30981595092 0.303425774878 0.0756646216769 0.026101141925
0 0.460122699387 0.299347471452 0.179959100204 0.0277324632953
0 0.587934560327 0.299347471452 0.0674846625767 0.0342577487765
0 0.685071574642 0.304241435563 0.0940695296524 0.0244698205546
0 0.788343558282 0.298531810767 0.0961145194274 0.0358890701468
0 0.885480572597 0.304241435563 0.0777096114519 0.0342577487765
0 0.0593047034765 0.336052202284 0.0449897750511 0.0195758564437
0 0.18200408998 0.336052202284 0.147239263804 0.0358890701468
0 0.300613496933 0.340946166395 0.0572597137014 0.0195758564437
0 0.366053169734 0.336052202284 0.0572597137014 0.0293637846656
0 0.520449897751 0.34013050571 0.19836400818 0.0244698205546
0 0.672801635992 0.336052202284 0.0858895705521 0.0358890701468
0 0.750511247444 0.340946166395 0.0449897750511 0.0293637846656
0 0.869120654397 0.34013050571 0.159509202454 0.0342577487765
0 0.0981595092025 0.378466557912 0.118609406953 0.0228384991843
0 0.189161554192 0.378466557912 0.0347648261759 0.026101141925
0 0.30981595092 0.377650897227 0.18200408998 0.0375203915171
0 0.4836400818 0.381729200653 0.137014314928 0.026101141925
0 0.593047034765 0.377650897227 0.0368098159509 0.021207177814
0 0.701431492843 0.377650897227 0.151329243354 0.0277324632953
0 0.865030674847 0.377650897227 0.159509202454 0.0309951060359
0 0.102249488753 0.41924959217 0.126789366053 0.0326264274062
0 0.268916155419 0.42088091354 0.18200408998 0.0326264274062
0 0.407975460123 0.420065252855 0.0552147239264 0.0277324632953
0 0.524539877301 0.415171288744 0.173824130879 0.0277324632953
0 0.684049079755 0.415171288744 0.132924335378 0.0277324632953
0 0.106339468303 0.499184339315 0.0572597137014 0.026101141925
0 0.208588957055 0.497553017945 0.110429447853 0.0293637846656
0 0.330265848671 0.497553017945 0.0838445807771 0.026101141925
0 0.428425357873 0.494290375204 0.0838445807771 0.026101141925
0 0.526584867076 0.493474714519 0.0470347648262 0.0342577487765
0 0.627811860941 0.497553017945 0.102249488753 0.0228384991843
0 0.732106339468 0.493474714519 0.0572597137014 0.0505709624796
0 0.867075664622 0.503262642741 0.147239263804 0.0244698205546
0 0.0828220858896 0.536704730832 0.0920245398773 0.0195758564437
0 0.207566462168 0.536704730832 0.137014314928 0.026101141925
0 0.321063394683 0.534257748777 0.0286298568507 0.0277324632953
0 0.443762781186 0.534257748777 0.163599182004 0.0277324632953
0 0.631901840491 0.536704730832 0.147239263804 0.026101141925
0 0.746421267894 0.536704730832 0.0490797546012 0.0195758564437
0 0.807770961145 0.530179445351 0.0531697341513 0.026101141925
0 0.891615541922 0.535889070147 0.0858895705521 0.0277324632953
0 0.0787321063395 0.576672104405 0.0756646216769 0.0244698205546
0 0.170756646217 0.573409461664 0.0674846625767 0.021207177814
0 0.258691206544 0.573409461664 0.079754601227 0.0309951060359
0 0.342535787321 0.573409461664 0.0674846625767 0.021207177814
0 0.452965235174 0.572593800979 0.0920245398773 0.0358890701468
0 0.559304703476 0.572593800979 0.0674846625767 0.026101141925
0 0.649284253579 0.57748776509 0.0593047034765 0.0228384991843
0 0.765848670757 0.576672104405 0.145194274029 0.021207177814
0 0.898773006135 0.57748776509 0.079754601227 0.0130505709625
0 0.102249488753 0.609298531811 0.126789366053 0.0277324632953
0 0.220858895706 0.614192495922 0.081799591002 0.0277324632953
0 0.279141104294 0.615008156607 0.0265848670757 0.0195758564437
0 0.351738241309 0.614192495922 0.081799591002 0.0244698205546
0 0.443762781186 0.613376835237 0.081799591002 0.026101141925
0 0.563394683027 0.613376835237 0.128834355828 0.026101141925
0 0.668711656442 0.614192495922 0.0531697341513 0.0407830342577
0 0.746421267894 0.610114192496 0.0736196319018 0.0293637846656
0 0.865030674847 0.609298531811 0.130879345603 0.0375203915171
0 0.0541922290389 0.650081566069 0.0470347648262 0.0179445350734
0 0.174846625767 0.650897226754 0.153374233129 0.0358890701468
0 0.265848670757 0.652528548124 0.040899795501 0.0293637846656
0 0.347648261759 0.646003262643 0.0981595092025 0.0326264274062
0 0.426380368098 0.650081566069 0.0470347648262 0.0309951060359
0 0.526584867076 0.651712887439 0.128834355828 0.021207177814
0 0.637014314928 0.646003262643 0.0879345603272 0.026101141925
0 0.725971370143 0.646003262643 0.0858895705521 0.026101141925
0 0.812883435583 0.646818923328 0.0224948875256 0.0244698205546
0 0.88854805726 0.646003262643 0.0961145194274 0.0326264274062
0 0.0664621676892 0.68352365416 0.0715746421268 0.0391517128874
0 0.155419222904 0.689233278956 0.0940695296524 0.0309951060359
0 0.253578732106 0.687601957586 0.0940695296524 0.0309951060359
0 0.382413087935 0.682707993475 0.0654396728016 0.0375203915171
0 0.459100204499 0.688417618271 0.0593047034765 0.0228384991843
0 0.546012269939 0.688417618271 0.0981595092025 0.0326264274062
0 0.653374233129 0.693311582382 0.0920245398773 0.0228384991843
0 0.826175869121 0.689233278956 0.224948875256 0.0342577487765
0 0.0664621676892 0.725122349103 0.0715746421268 0.0244698205546
0 0.123721881391 0.729200652529 0.038854805726 0.0326264274062
0 0.165644171779 0.725122349103 0.0531697341513 0.0244698205546
0 0.239263803681 0.725122349103 0.0654396728016 0.0277324632953
0 0.310838445808 0.725938009788 0.0695296523517 0.026101141925
0 0.406952965235 0.729200652529 0.0899795501022 0.0228384991843
0 0.488752556237 0.725122349103 0.0572597137014 0.0244698205546
0 0.547034764826 0.725938009788 0.0470347648262 0.0358890701468
0 0.618609406953 0.730016313214 0.079754601227 0.0244698205546
0 0.69836400818 0.725122349103 0.0674846625767 0.0309951060359
0 0.802658486708 0.725122349103 0.112474437628 0.0309951060359
0 0.898773006135 0.725122349103 0.0593047034765 0.0309951060359
0 0.100204498978 0.76101141925 0.122699386503 0.0277324632953
0 0.196319018405 0.76264274062 0.0286298568507 0.0309951060359
0 0.263803680982 0.76264274062 0.0736196319018 0.0244698205546
0 0.355828220859 0.761827079935 0.0613496932515 0.0391517128874
0 0.424335378323 0.76264274062 0.0429447852761 0.0342577487765
0 0.498977505112 0.761827079935 0.0899795501022 0.0326264274062
0 0.585889570552 0.771615008157 0.0674846625767 0.0293637846656
0 0.668711656442 0.761827079935 0.040899795501 0.0358890701468
0 0.751533742331 0.766721044046 0.108384458078 0.0195758564437
0 0.862985685072 0.761827079935 0.0736196319018 0.0228384991843
0 0.09918200409 0.808319738989 0.0674846625767 0.0440456769984
0 0.20654396728 0.809951060359 0.122699386503 0.0342577487765
0 0.296523517382 0.809135399674 0.0368098159509 0.026101141925
0 0.372188139059 0.804241435563 0.102249488753 0.0326264274062
0 0.526584867076 0.814029363785 0.145194274029 0.0293637846656
0 0.625766871166 0.809951060359 0.040899795501 0.0179445350734
0 0.68200408998 0.804241435563 0.0633946830266 0.0228384991843
0 0.783231083845 0.804241435563 0.110429447853 0.0326264274062
0 0.89263803681 0.804241435563 0.0674846625767 0.0293637846656
0 0.0664621676892 0.845840130506 0.0715746421268 0.0309951060359
0 0.171779141104 0.852365415987 0.114519427403 0.0309951060359
0 0.279141104294 0.840946166395 0.0633946830266 0.0342577487765
0 0.379345603272 0.846655791191 0.0838445807771 0.0228384991843
0 0.479550102249 0.846655791191 0.0879345603272 0.0326264274062
0 0.602249488753 0.840946166395 0.124744376278 0.0277324632953
0 0.71881390593 0.845840130506 0.0470347648262 0.0277324632953
0 0.830265848671 0.845024469821 0.106339468303 0.0358890701468
0 0.915132924335 0.840946166395 0.0470347648262 0.0277324632953
0 0.0664621676892 0.883360522023 0.0879345603272 0.0277324632953
0 0.162576687117 0.883360522023 0.0756646216769 0.0277324632953
0 0.239263803681 0.882544861338 0.0736196319018 0.0326264274062
0 0.307770961145 0.882544861338 0.0429447852761 0.026101141925
0 0.397750511247 0.877650897227 0.0756646216769 0.026101141925
0 0.492842535787 0.883360522023 0.106339468303 0.0277324632953
0 0.59509202454 0.882544861338 0.0695296523517 0.0391517128874
0 0.687116564417 0.883360522023 0.0981595092025 0.0309951060359
0 0.822085889571 0.883360522023 0.134969325153 0.0277324632953
0 0.923312883436 0.882544861338 0.038854805726 0.0195758564437
0 0.0705521472393 0.92088091354 0.0879345603272 0.0277324632953
0 0.226993865031 0.92088091354 0.175869120654 0.0244698205546
0 0.390593047035 0.924143556281 0.114519427403 0.0309951060359
0 0.553169734151 0.92088091354 0.18609406953 0.0244698205546
0 0.720858895706 0.920065252855 0.0715746421268 0.0293637846656
0 0.794478527607 0.925774877651 0.0429447852761 0.0277324632953
0 0.887525562372 0.914355628059 0.114519427403 0.0407830342577
0 0.130879345603 0.956769983687 0.212678936605 0.0277324632953
0 0.266871165644 0.956769983687 0.0429447852761 0.0375203915171
0 0.365030674847 0.961663947798 0.124744376278 0.0375203915171
0 0.520449897751 0.962479608483 0.165644171779 0.0358890701468
