0 0.510817307692 0.0408653846154 0.925480769231 0.0336538461538
0 0.344951923077 0.078125 0.59375 0.03125
0 0.270432692308 0.126201923077 0.396634615385 0.03125
0 0.278846153846 0.176682692308 0.399038461538 0.0408653846154
0 0.519230769231 0.211538461538 0.894230769231 0.0288461538462
0 0.506009615385 0.254807692308 0.930288461538 0.0432692307692
0 0.509615384615 0.286057692308 0.918269230769 0.0240384615385
0 0.115384615385 0.313701923077 0.115384615385 0.0360576923077
0 0.526442307692 0.395432692308 0.894230769231 0.0408653846154
0 0.510817307692 0.431490384615 0.925480769231 0.0360576923077
0 0.506009615385 0.471153846154 0.920673076923 0.0384615384615
0 0.506009615385 0.504807692308 0.920673076923 0.0288461538462
0 0.513221153846 0.537259615385 0.930288461538 0.0360576923077
0 0.513221153846 0.573317307692 0.930288461538 0.0408653846154
0 0.507211538462 0.612980769231 0.923076923077 0.0336538461538
0 0.194711538462 0.644230769231 0.278846153846 0.0336538461538
0 0.528846153846 0.677884615385 0.899038461538 0.0432692307692
0 0.515625 0.717548076923 0.930288461538 0.03125
0 0.512019230769 0.757211538462 0.923076923077 0.0432692307692
0 0.509615384615 0.792067307692 0.927884615385 0.03125
0 0.513221153846 0.826923076923 0.930288461538 0.0384615384615
0 0.516826923077 0.855769230769 0.923076923077 0.0288461538462
0 0.514423076923 0.893028846154 0.918269230769 0.0408653846154
0 0.508413461538 0.925480769231 0.930288461538 0.0240384615385
0 0.512019230769 0.960336538462 0.9375 0.0504807692308
