0 0.506009615385 0.0300480769231 0.944711538462 0.0408653846154
0 0.506009615385 0.0661057692308 0.935096153846 0.03125
0 0.506009615385 0.100961538462 0.939903846154 0.0384615384615
0 0.507211538462 0.139423076923 0.9375 0.0240384615385
0 0.506009615385 0.171875 0.939903846154 0.03125
0 0.507211538462 0.206730769231 0.9375 0.0336538461538
0 0.507211538462 0.241586538462 0.932692307692 0.03125
0 0.229567307692 0.277644230769 0.387019230769 0.0360576923077
0 0.522836538462 0.319711538462 0.896634615385 0.0336538461538
0 0.177884615385 0.354567307692 0.298076923077 0.03125
0 0.530048076923 0.399038461538 0.896634615385 0.0336538461538
0 0.225961538462 0.432692307692 0.384615384615 0.0288461538462
0 0.522836538462 0.477163461538 0.901442307692 0.0264423076923
0 0.210336538462 0.516826923077 0.338942307692 0.0240384615385
0 0.522836538462 0.556490384615 0.891826923077 0.03125
0 0.503605769231 0.596153846154 0.939903846154 0.0288461538462
0 0.350961538462 0.629807692308 0.644230769231 0.0240384615385
0 0.524038461538 0.674278846154 0.894230769231 0.03125
0 0.504807692308 0.709134615385 0.942307692308 0.0336538461538
0 0.503605769231 0.743990384615 0.935096153846 0.0264423076923
0 0.506009615385 0.777644230769 0.930288461538 0.03125
0 0.200721153846 0.817307692308 0.334134615385 0.0288461538462
0 0.520432692308 0.858173076923 0.911057692308 0.0384615384615
0 0.503605769231 0.891826923077 0.935096153846 0.0288461538462
0 0.506009615385 0.926682692308 0.939903846154 0.0360576923077
0 0.503605769231 0.965144230769 0.930288461538 0.0264423076923
