0 0.497596153846 0.0348557692308 0.961538461538 0.0360576923077
0 0.491586538462 0.0769230769231 0.959134615385 0.0288461538462
0 0.493990384615 0.109375 0.954326923077 0.03125
0 0.495192307692 0.146634615385 0.956730769231 0.0336538461538
0 0.491586538462 0.177884615385 0.959134615385 0.0336538461538
0 0.116586538462 0.215144230769 0.209134615385 0.0408653846154
0 0.519230769231 0.259615384615 0.913461538462 0.0336538461538
0 0.397836538462 0.293269230769 0.771634615385 0.0384615384615
0 0.518028846154 0.376201923077 0.911057692308 0.0360576923077
0 0.174278846154 0.413461538462 0.300480769231 0.0336538461538
0 0.516826923077 0.456730769231 0.913461538462 0.0384615384615
0 0.495192307692 0.491586538462 0.951923076923 0.0360576923077
0 0.496394230769 0.526442307692 0.944711538462 0.0192307692308
0 0.372596153846 0.564903846154 0.711538461538 0.0336538461538
0 0.516826923077 0.604567307692 0.923076923077 0.0360576923077
0 0.497596153846 0.643028846154 0.947115384615 0.03125
0 0.495192307692 0.677884615385 0.947115384615 0.0288461538462
0 0.496394230769 0.713942307692 0.944711538462 0.0288461538462
0 0.109375 0.748798076923 0.180288461538 0.0264423076923
0 0.513221153846 0.793269230769 0.911057692308 0.0288461538462
0 0.301682692308 0.830528846154 0.560096153846 0.03125
0 0.519230769231 0.876201923077 0.913461538462 0.0360576923077
0 0.493990384615 0.912259615385 0.954326923077 0.03125
0 0.496394230769 0.944711538462 0.944711538462 0.0336538461538
